7	6			18	8
8					18
9	6			39	8
10					39
11	9		0	0	8
12					0
21	4	0x008e	290	64	8
22					64
23	4	0x008e	16418	64	8
24					64
25	4	0x008e	32546	64	8
26					64
27	4	0x008e	48674	64	8
28					64
29	4	0x008e	64802	4	8
30					4
31	4	0x0083	0	2	10
32					0
33	12	0x008c	16	1	9
34					0
35	12	0x008c	19	1	9
36					0
37	4	0x0083	0	64	72
38					0
39	4	0x0083	0	64	72
40					0
41	4	0x0083	0	64	72
42					0
43	4	0x0083	0	8	16
44					0
45	4	0x0083	0	54	62
46					0
47	4	0x0084	57862	4	8
48					4
49	4	0x008e	290	64	8
50					64
51	4	0x008e	16418	64	8
52					64
53	4	0x008e	32546	64	8
54					64
55	4	0x008e	48674	64	8
56					64
57	4	0x008e	64802	4	8
58					4
59	4	0x008e	16674	2	8
60					2
61	4	0x008e	2594	2	8
62					2
63	4	0x0083	0	2	10
64					0
65	4	0x008e	16418	2	8
66					2
67	4	0x0083	0	2	10
68					0
69	4	0x0083	0	2	10
70					0
71	4	0x0083	0	2	10
72					0
73	4	0x0083	0	2	10
74					0
75	4	0x0083	0	2	10
76					0
77	4	0x008e	290	64	8
78					64
79	4	0x008e	16418	64	8
80					64
81	4	0x008e	32546	64	8
82					64
83	4	0x008e	48674	64	8
84					64
85	4	0x008e	64802	4	8
86					4
87	4	0x0083	0	2	10
88					0
89	12	0x008c	16	1	9
90					0
91	12	0x008c	19	1	9
92					0
93	4	0x0083	0	64	72
94					0
95	4	0x0083	0	64	72
96					0
97	4	0x0083	0	64	72
98					0
99	4	0x0083	0	8	16
100					0
101	4	0x0083	0	54	62
102					0
103	4	0x0084	57862	4	8
104					4
105	4	0x008e	290	64	8
106					64
107	4	0x008e	16418	64	8
108					64
109	4	0x008e	32546	64	8
110					64
111	4	0x008e	48674	64	8
112					64
113	4	0x008e	64802	4	8
114					4
115	4	0x008e	16674	2	8
116					2
117	4	0x008e	2594	2	8
118					2
119	4	0x0083	0	2	10
120					0
121	4	0x008e	16418	2	8
122					2
123	4	0x0083	0	2	10
124					0
125	4	0x0083	0	2	10
126					0
127	4	0x0083	0	2	10
128					0
129	4	0x0083	0	2	10
130					0
131	4	0x0083	0	2	10
132					0
133	4	0x008e	290	64	8
134					64
135	4	0x008e	16418	64	8
136					64
137	4	0x008e	32546	64	8
138					64
139	4	0x008e	48674	64	8
140					64
141	4	0x008e	64802	4	8
142					4
143	4	0x0083	0	2	10
144					0
145	12	0x008c	16	1	9
146					0
147	12	0x008c	19	1	9
148					0
149	4	0x0083	0	64	72
150					0
151	4	0x0083	0	64	72
152					0
153	4	0x0083	0	64	72
154					0
155	4	0x0083	0	8	16
156					0
157	4	0x0083	0	54	62
158					0
159	4	0x0084	57862	4	8
160					4
161	4	0x008e	290	64	8
162					64
163	4	0x008e	16418	64	8
164					64
165	4	0x008e	32546	64	8
166					64
167	4	0x008e	48674	64	8
168					64
169	4	0x008e	64802	4	8
170					4
171	4	0x008e	16674	2	8
172					2
173	4	0x008e	2594	2	8
174					2
175	4	0x0083	0	2	10
176					0
177	4	0x008e	16418	2	8
178					2
179	4	0x008e	290	64	8
180					64
181	4	0x008e	16418	64	8
182					64
183	4	0x008e	32546	64	8
184					64
185	4	0x008e	48674	64	8
186					64
187	4	0x008e	64802	4	8
188					4
189	4	0x008e	16674	2	8
190					2
191	12	0x008e	11	1	8
192					1
193	4	0x0083	0	64	72
194					0
195	4	0x0083	0	64	72
196					0
197	4	0x0083	0	64	72
198					0
199	4	0x0083	0	8	16
200					0
201	4	0x0083	0	54	62
202					0
203	4	0x0083	0	54	62
204					0
205	4	0x0083	0	60	68
206					0
207	4	0x0083	0	2	10
208					0
209	12	0x008c	16	1	9
210					0
211	12	0x008c	19	1	9
212					0
213	4	0x008e	290	64	8
214					64
215	4	0x008e	16418	64	8
216					64
217	4	0x008e	32546	64	8
218					64
219	4	0x008e	48674	64	8
220					64
221	4	0x008e	64802	4	8
222					4
223	4	0x0083	0	2	10
224					0
225	4	0x0083	0	2	10
226					0
227	4	0x0083	0	2	10
228					0
229	4	0x0083	0	4	12
230					0
231	4	0x0083	0	4	12
232					0
233	4	0x0083	0	4	12
234					0
235	4	0x0083	0	4	12
236					0
237	4	0x0083	0	4	12
238					0
239	4	0x0083	0	4	12
240					0
241	4	0x0083	0	4	12
242					0
243	4	0x0083	0	4	12
244					0
245	4	0x0083	0	4	12
246					0
247	4	0x0083	0	4	12
248					0
249	4	0x0083	0	4	12
250					0
251	4	0x0083	0	4	12
252					0
253	4	0x0083	0	2	10
254					0
255	4	0x008e	290	64	8
256					64
257	4	0x008e	16418	64	8
258					64
259	4	0x008e	32546	64	8
260					64
261	4	0x008e	48674	64	8
262					64
263	4	0x008e	64802	4	8
264					4
265	4	0x008e	16674	2	8
266					2
267	4	0x008e	290	64	8
268					64
269	4	0x008e	16418	64	8
270					64
271	4	0x008e	32546	64	8
272					64
273	4	0x008e	48674	64	8
274					64
275	4	0x008e	64802	4	8
276					4
277	4	0x008e	16674	2	8
278					2
279	4	0x008e	290	64	8
280					64
281	4	0x008e	16418	64	8
282					64
283	4	0x008e	32546	64	8
284					64
285	4	0x008e	48674	64	8
286					64
287	4	0x008e	64802	4	8
288					4
289	4	0x008e	16674	2	8
290					2
291	4	0x0084	57952	16	8
292					16
293	4	0x0083	0	64	72
294					0
295	4	0x0083	0	64	72
296					0
297	4	0x0083	0	64	72
298					0
299	4	0x0083	0	8	16
300					0
301	4	0x0083	0	54	62
302					0
303	4	0x0083	0	54	62
304					0
305	4	0x0083	0	60	68
306					0
307	4	0x0083	0	2	10
308					0
309	12	0x008c	16	1	9
310					0
311	12	0x008c	19	1	9
312					0
313	4	0x008e	290	64	8
314					64
315	4	0x008e	16418	64	8
316					64
317	4	0x008e	32546	64	8
318					64
319	4	0x008e	48674	64	8
320					64
321	4	0x008e	64802	4	8
322					4
323	4	0x0083	0	2	10
324					0
325	4	0x0083	0	2	10
326					0
327	4	0x0083	0	2	10
328					0
329	4	0x0083	0	4	12
330					0
331	4	0x0083	0	4	12
332					0
333	4	0x0083	0	4	12
334					0
335	4	0x0083	0	4	12
336					0
337	4	0x0083	0	4	12
338					0
339	4	0x0083	0	4	12
340					0
341	4	0x0083	0	4	12
342					0
343	4	0x0083	0	4	12
344					0
345	4	0x0083	0	4	12
346					0
347	4	0x0083	0	4	12
348					0
349	4	0x0083	0	4	12
350					0
351	4	0x0083	0	4	12
352					0
353	4	0x0083	0	2	10
354					0
355	4	0x0083	0	2	10
356					0
357	4	0x0083	0	2	10
358					0
359	4	0x0083	0	36	44
360					0
361	4	0x0083	0	2	10
362					0
363	4	0x0083	0	2	10
364					0
365	4	0x0083	0	2	10
366					0
367	4	0x0083	0	4	12
368					0
369	4	0x0083	0	4	12
370					0
371	4	0x0083	0	4	12
372					0
373	4	0x0083	0	4	12
374					0
375	4	0x0083	0	4	12
376					0
377	4	0x0083	0	4	12
378					0
379	4	0x0083	0	4	12
380					0
381	4	0x0083	0	4	12
382					0
383	4	0x0083	0	4	12
384					0
385	4	0x0083	0	4	12
386					0
387	4	0x0083	0	4	12
388					0
389	4	0x0083	0	4	12
390					0
391	4	0x0083	0	2	10
392					0
393	4	0x0083	0	2	10
394					0
395	4	0x0083	0	2	10
396					0
397	4	0x0083	0	2	10
398					0
399	4	0x0084	57968	16	8
400					16
401	4	0x0084	57952	16	8
402					16
403	4	0x0083	0	36	44
404					0
405	4	0x0082	1	8	16
406					0
409	4	0x0082	1	8	16
410					0
413	4	0x0082	1	8	16
414					0
417	4	0x0083	0	2	10
418					0
419	4	0x0083	0	2	10
420					0
421	4	0x0083	0	2	10
422					0
423	4	0x0083	0	2	10
424					0
425	4	0x0083	0	2	10
426					0
427	4	0x0083	0	2	10
428					0
429	4	0x0083	0	2	10
430					0
431	4	0x0083	0	2	10
432					0
433	4	0x008e	290	64	8
434					64
435	4	0x008e	16418	64	8
436					64
437	4	0x008e	32546	64	8
438					64
439	4	0x008e	48674	64	8
440					64
441	4	0x008e	64802	4	8
442					4
443	4	0x008e	16674	2	8
444					2
445	4	0x0083	0	2	10
446					0
447	4	0x0083	0	2	10
448					0
449	4	0x0083	0	2	10
450					0
451	4	0x008e	290	64	8
452					64
453	4	0x008e	16418	64	8
454					64
455	4	0x008e	32546	64	8
456					64
457	4	0x008e	48674	64	8
458					64
459	4	0x008e	64802	4	8
460					4
461	4	0x008e	16674	2	8
462					2
463	4	0x0083	0	2	10
464					0
465	4	0x0083	0	2	10
466					0
467	4	0x0083	0	2	10
468					0
469	4	0x0083	0	2	10
470					0
471	4	0x0083	0	2	10
472					0
473	4	0x0083	0	2	10
474					0
475	4	0x0083	0	2	10
476					0
477	4	0x0082	1	8	16
478					0
481	4	0x0082	1	8	16
482					0
485	4	0x0082	1	8	16
486					0
489	4	0x008e	16674	2	8
490					2
491	12	0x008e	28	1	8
492					1
493	4	0x008e	18466	4	8
494					4
495	4	0x0083	0	40	48
496					0
497	4	0x0083	0	10	18
498					0
499	4	0x0083	0	2	10
500					0
501	4	0x0083	0	2	10
502					0
503	4	0x0082	1	8	16
504					0
507	4	0x0082	1	8	16
508					0
511	4	0x0083	0	6	14
512					0
513	4	0x0083	0	4	12
514					0
515	4	0x0083	0	4	12
516					0
517	4	0x0083	0	4	12
518					0
519	4	0x0083	0	2	10
520					0
521	4	0x0083	0	2	10
522					0
523	4	0x0083	0	2	10
524					0
525	4	0x0083	0	2	10
526					0
527	4	0x0083	0	2	10
528					0
529	4	0x0082	1	8	16
530					0
533	4	0x0083	0	46	54
534					0
535	4	0x0083	0	2	10
536					0
537	4	0x0083	0	2	10
538					0
539	4	0x008e	16418	3	8
540					3
541	4	0x0083	0	2	10
542					0
543	4	0x0083	0	16	24
544					0
545	4	0x0083	0	2	10
546					0
547	4	0x0083	0	2	10
548					0
549	4	0x0083	0	2	10
550					0
551	4	0x0083	0	2	10
552					0
553	4	0x0083	0	2	10
554					0
555	4	0x0083	0	2	10
556					0
557	4	0x0083	0	2	10
558					0
559	4	0x0083	0	2	10
560					0
561	4	0x008e	290	64	8
562					64
563	4	0x008e	16418	64	8
564					64
565	4	0x008e	32546	64	8
566					64
567	4	0x008e	48674	64	8
568					64
569	4	0x008e	64802	4	8
570					4
571	4	0x008e	16674	2	8
572					2
573	4	0x008e	16418	3	8
574					3
575	4	0x008e	16930	4	8
576					4
577	4	0x0082	0	8	16
578					0
583	4	0x008e	16418	2	8
584					2
585	4	0x008e	290	64	8
586					64
587	4	0x008e	16418	64	8
588					64
589	4	0x008e	32546	64	8
590					64
591	4	0x008e	48674	64	8
592					64
593	4	0x008e	64802	4	8
594					4
595	4	0x008e	16674	2	8
596					2
597	4	0x0082	0	8	16
598					0
603	4	0x008e	16418	2	8
604					2
605	4	0x008e	290	64	8
606					64
607	4	0x008e	16418	64	8
608					64
609	4	0x008e	32546	64	8
610					64
611	4	0x008e	48674	64	8
612					64
613	4	0x008e	64802	4	8
614					4
615	4	0x008e	16674	2	8
616					2
617	4	0x0082	0	8	16
618					0
623	4	0x008e	16418	2	8
624					2
625	4	0x008e	290	64	8
626					64
627	4	0x008e	16418	64	8
628					64
629	4	0x008e	32546	64	8
630					64
631	4	0x008e	48674	64	8
632					64
633	4	0x008e	64802	4	8
634					4
635	4	0x008e	16674	2	8
636					2
637	4	0x0082	0	8	16
638					0
643	4	0x008e	16418	2	8
644					2
645	4	0x008e	290	64	8
646					64
647	4	0x008e	16418	64	8
648					64
649	4	0x008e	32546	64	8
650					64
651	4	0x008e	48674	64	8
652					64
653	4	0x008e	64802	4	8
654					4
655	4	0x008e	16674	2	8
656					2
657	4	0x0082	0	8	16
658					0
663	4	0x008e	16418	2	8
664					2
665	4	0x008e	290	64	8
666					64
667	4	0x008e	16418	64	8
668					64
669	4	0x008e	32546	64	8
670					64
671	4	0x008e	48674	64	8
672					64
673	4	0x008e	64802	4	8
674					4
675	4	0x008e	16674	2	8
676					2
677	4	0x0082	0	8	16
678					0
683	4	0x008e	16418	2	8
684					2
685	4	0x008e	290	64	8
686					64
687	4	0x008e	16418	64	8
688					64
689	4	0x008e	32546	64	8
690					64
691	4	0x008e	48674	64	8
692					64
693	4	0x008e	64802	4	8
694					4
695	4	0x008e	16674	2	8
696					2
697	4	0x0082	0	8	16
698					0
703	4	0x008e	16418	2	8
704					2
705	4	0x008e	290	64	8
706					64
707	4	0x008e	16418	64	8
708					64
709	4	0x008e	32546	64	8
710					64
711	4	0x008e	48674	64	8
712					64
713	4	0x008e	64802	4	8
714					4
715	4	0x008e	16674	2	8
716					2
717	4	0x0082	0	8	16
718					0
723	4	0x008e	16418	2	8
724					2
725	4	0x008e	290	64	8
726					64
727	4	0x008e	16418	64	8
728					64
729	4	0x008e	32546	64	8
730					64
731	4	0x008e	48674	64	8
732					64
733	4	0x008e	64802	4	8
734					4
735	4	0x008e	16674	2	8
736					2
737	4	0x0082	0	8	16
738					0
743	4	0x008e	16418	2	8
744					2
745	4	0x008e	290	64	8
746					64
747	4	0x008e	16418	64	8
748					64
749	4	0x008e	32546	64	8
750					64
751	4	0x008e	48674	64	8
752					64
753	4	0x008e	64802	4	8
754					4
755	4	0x008e	16674	2	8
756					2
757	4	0x0082	0	8	16
758					0
763	4	0x008e	16418	2	8
764					2
765	4	0x008e	290	64	8
766					64
767	4	0x008e	16418	64	8
768					64
769	4	0x008e	32546	64	8
770					64
771	4	0x008e	48674	64	8
772					64
773	4	0x008e	64802	4	8
774					4
775	4	0x008e	16674	2	8
776					2
777	4	0x0082	0	8	16
778					0
783	4	0x008e	16418	2	8
784					2
785	4	0x008e	290	64	8
786					64
787	4	0x008e	16418	64	8
788					64
789	4	0x008e	32546	64	8
790					64
791	4	0x008e	48674	64	8
792					64
793	4	0x008e	64802	4	8
794					4
795	4	0x008e	16674	2	8
796					2
797	4	0x0082	0	8	16
798					0
803	4	0x008e	16418	2	8
804					2
805	4	0x008e	290	64	8
806					64
807	4	0x008e	16418	64	8
808					64
809	4	0x008e	32546	64	8
810					64
811	4	0x008e	48674	64	8
812					64
813	4	0x008e	64802	4	8
814					4
815	4	0x008e	16674	2	8
816					2
817	4	0x0082	0	8	16
818					0
823	4	0x008e	16418	2	8
824					2
825	4	0x008e	290	64	8
826					64
827	4	0x008e	16418	64	8
828					64
829	4	0x008e	32546	64	8
830					64
831	4	0x008e	48674	64	8
832					64
833	4	0x008e	64802	4	8
834					4
835	4	0x008e	16674	2	8
836					2
837	4	0x0082	0	8	16
838					0
843	4	0x008e	16418	2	8
844					2
845	4	0x008e	290	64	8
846					64
847	4	0x008e	16418	64	8
848					64
849	4	0x008e	32546	64	8
850					64
851	4	0x008e	48674	64	8
852					64
853	4	0x008e	64802	4	8
854					4
855	4	0x008e	16674	2	8
856					2
857	4	0x0082	0	8	16
858					0
863	4	0x008e	16418	2	8
864					2
865	4	0x008e	290	64	8
866					64
867	4	0x008e	16418	64	8
868					64
869	4	0x008e	32546	64	8
870					64
871	4	0x008e	48674	64	8
872					64
873	4	0x008e	64802	4	8
874					4
875	4	0x008e	16674	2	8
876					2
877	4	0x0082	0	8	16
878					0
883	4	0x008e	16418	2	8
884					2
885	4	0x008e	290	64	8
886					64
887	4	0x008e	16418	64	8
888					64
889	4	0x008e	32546	64	8
890					64
891	4	0x008e	48674	64	8
892					64
893	4	0x008e	64802	4	8
894					4
895	4	0x008e	16674	2	8
896					2
897	4	0x0082	0	8	16
898					0
903	4	0x008e	16418	2	8
904					2
905	4	0x008e	290	64	8
906					64
907	4	0x008e	16418	64	8
908					64
909	4	0x008e	32546	64	8
910					64
911	4	0x008e	48674	64	8
912					64
913	4	0x008e	64802	4	8
914					4
915	4	0x008e	16674	2	8
916					2
917	4	0x0082	0	8	16
918					0
923	4	0x008e	16418	2	8
924					2
925	4	0x008e	290	64	8
926					64
927	4	0x008e	16418	64	8
928					64
929	4	0x008e	32546	64	8
930					64
931	4	0x008e	48674	64	8
932					64
933	4	0x008e	64802	4	8
934					4
935	4	0x008e	16674	2	8
936					2
937	4	0x0082	0	8	16
938					0
943	4	0x008e	16418	2	8
944					2
945	4	0x008e	290	64	8
946					64
947	4	0x008e	16418	64	8
948					64
949	4	0x008e	32546	64	8
950					64
951	4	0x008e	48674	64	8
952					64
953	4	0x008e	64802	4	8
954					4
955	4	0x008e	16674	2	8
956					2
957	4	0x0082	0	8	16
958					0
963	4	0x008e	16418	2	8
964					2
965	4	0x008e	290	64	8
966					64
967	4	0x008e	16418	64	8
968					64
969	4	0x008e	32546	64	8
970					64
971	4	0x008e	48674	64	8
972					64
973	4	0x008e	64802	4	8
974					4
975	4	0x008e	16674	2	8
976					2
977	4	0x0082	0	8	16
978					0
983	4	0x008e	16418	2	8
984					2
985	4	0x008e	290	64	8
986					64
987	4	0x008e	16418	64	8
988					64
989	4	0x008e	32546	64	8
990					64
991	4	0x008e	48674	64	8
992					64
993	4	0x008e	64802	4	8
994					4
995	4	0x008e	16674	2	8
996					2
997	4	0x0082	0	8	16
998					0
1003	4	0x008e	16418	2	8
1004					2
1005	4	0x008e	19234	4	8
1006					4
1007	4	0x008e	290	64	8
1008					64
1009	4	0x008e	16418	64	8
1010					64
1011	4	0x008e	32546	64	8
1012					64
1013	4	0x008e	48674	64	8
1014					64
1015	4	0x008e	64802	4	8
1016					4
1017	4	0x008e	16674	2	8
1018					2
1019	4	0x0082	0	8	16
1020					0
1025	4	0x008e	290	64	8
1026					64
1027	4	0x008e	16418	64	8
1028					64
1029	4	0x008e	32546	64	8
1030					64
1031	4	0x008e	48674	64	8
1032					64
1033	4	0x008e	64802	4	8
1034					4
1035	4	0x008e	16674	2	8
1036					2
1037	4	0x0082	0	8	16
1038					0
1043	4	0x008e	290	64	8
1044					64
1045	4	0x008e	16418	64	8
1046					64
1047	4	0x008e	32546	64	8
1048					64
1049	4	0x008e	48674	64	8
1050					64
1051	4	0x008e	64802	4	8
1052					4
1053	4	0x008e	16674	2	8
1054					2
1055	4	0x0082	0	8	16
1056					0
1061	4	0x008e	290	64	8
1062					64
1063	4	0x008e	16418	64	8
1064					64
1065	4	0x008e	32546	64	8
1066					64
1067	4	0x008e	48674	64	8
1068					64
1069	4	0x008e	64802	4	8
1070					4
1071	4	0x008e	16674	2	8
1072					2
1073	4	0x008e	290	64	8
1074					64
1075	4	0x008e	16418	64	8
1076					64
1077	4	0x008e	32546	64	8
1078					64
1079	4	0x008e	48674	64	8
1080					64
1081	4	0x008e	64802	4	8
1082					4
1083	4	0x008e	16674	2	8
1084					2
1085	4	0x008e	290	64	8
1086					64
1087	4	0x008e	16418	64	8
1088					64
1089	4	0x008e	32546	64	8
1090					64
1091	4	0x008e	48674	64	8
1092					64
1093	4	0x008e	64802	4	8
1094					4
1095	4	0x008e	16674	2	8
1096					2
1097	4	0x008e	290	64	8
1098					64
1099	4	0x008e	16418	64	8
1100					64
1101	4	0x008e	32546	64	8
1102					64
1103	4	0x008e	48674	64	8
1104					64
1105	4	0x008e	64802	4	8
1106					4
1107	4	0x008e	16674	2	8
1108					2
1109	4	0x008e	290	64	8
1110					64
1111	4	0x008e	16418	64	8
1112					64
1113	4	0x008e	32546	64	8
1114					64
1115	4	0x008e	48674	64	8
1116					64
1117	4	0x008e	64802	4	8
1118					4
1119	4	0x008e	16674	2	8
1120					2
1121	4	0x008e	290	64	8
1122					64
1123	4	0x008e	16418	64	8
1124					64
1125	4	0x008e	32546	64	8
1126					64
1127	4	0x008e	48674	64	8
1128					64
1129	4	0x008e	64802	4	8
1130					4
1131	4	0x008e	16674	2	8
1132					2
1133	4	0x008e	290	64	8
1134					64
1135	4	0x008e	16418	64	8
1136					64
1137	4	0x008e	32546	64	8
1138					64
1139	4	0x008e	48674	64	8
1140					64
1141	4	0x008e	64802	4	8
1142					4
1143	4	0x008e	16674	2	8
1144					2
1145	4	0x008e	290	64	8
1146					64
1147	4	0x008e	16418	64	8
1148					64
1149	4	0x008e	32546	64	8
1150					64
1151	4	0x008e	48674	64	8
1152					64
1153	4	0x008e	64802	4	8
1154					4
1155	4	0x008e	16674	2	8
1156					2
1157	4	0x008e	290	64	8
1158					64
1159	4	0x008e	16418	64	8
1160					64
1161	4	0x008e	32546	64	8
1162					64
1163	4	0x008e	48674	64	8
1164					64
1165	4	0x008e	64802	4	8
1166					4
1167	4	0x008e	16674	2	8
1168					2
1169	4	0x008e	290	64	8
1170					64
1171	4	0x008e	16418	64	8
1172					64
1173	4	0x008e	32546	64	8
1174					64
1175	4	0x008e	48674	64	8
1176					64
1177	4	0x008e	64802	4	8
1178					4
1179	4	0x008e	16674	2	8
1180					2
1181	4	0x008e	290	64	8
1182					64
1183	4	0x008e	16418	64	8
1184					64
1185	4	0x008e	32546	64	8
1186					64
1187	4	0x008e	48674	64	8
1188					64
1189	4	0x008e	64802	4	8
1190					4
1191	4	0x008e	16674	2	8
1192					2
1193	4	0x008e	290	64	8
1194					64
1195	4	0x008e	16418	64	8
1196					64
1197	4	0x008e	32546	64	8
1198					64
1199	4	0x008e	48674	64	8
1200					64
1201	4	0x008e	64802	4	8
1202					4
1203	4	0x008e	16674	2	8
1204					2
1205	4	0x008e	290	64	8
1206					64
1207	4	0x008e	16418	64	8
1208					64
1209	4	0x008e	32546	64	8
1210					64
1211	4	0x008e	48674	64	8
1212					64
1213	4	0x008e	64802	4	8
1214					4
1215	4	0x008e	16674	2	8
1216					2
1217	4	0x008e	290	64	8
1218					64
1219	4	0x008e	16418	64	8
1220					64
1221	4	0x008e	32546	64	8
1222					64
1223	4	0x008e	48674	64	8
1224					64
1225	4	0x008e	64802	4	8
1226					4
1227	4	0x008e	16674	2	8
1228					2
1229	4	0x008e	290	64	8
1230					64
1231	4	0x008e	16418	64	8
1232					64
1233	4	0x008e	32546	64	8
1234					64
1235	4	0x008e	48674	64	8
1236					64
1237	4	0x008e	64802	4	8
1238					4
1239	4	0x008e	16674	2	8
1240					2
1241	4	0x008e	290	64	8
1242					64
1243	4	0x008e	16418	64	8
1244					64
1245	4	0x008e	32546	64	8
1246					64
1247	4	0x008e	48674	64	8
1248					64
1249	4	0x008e	64802	4	8
1250					4
1251	4	0x008e	16674	2	8
1252					2
1253	4	0x008e	290	64	8
1254					64
1255	4	0x008e	16418	64	8
1256					64
1257	4	0x008e	32546	64	8
1258					64
1259	4	0x008e	48674	64	8
1260					64
1261	4	0x008e	64802	4	8
1262					4
1263	4	0x008e	16674	2	8
1264					2
1265	4	0x008e	290	64	8
1266					64
1267	4	0x008e	16418	64	8
1268					64
1269	4	0x008e	32546	64	8
1270					64
1271	4	0x008e	48674	64	8
1272					64
1273	4	0x008e	64802	4	8
1274					4
1275	4	0x008e	16674	2	8
1276					2
1277	4	0x008e	290	64	8
1278					64
1279	4	0x008e	16418	64	8
1280					64
1281	4	0x008e	32546	64	8
1282					64
1283	4	0x008e	48674	64	8
1284					64
1285	4	0x008e	64802	4	8
1286					4
1287	4	0x008e	16674	2	8
1288					2
1289	4	0x008e	290	64	8
1290					64
1291	4	0x008e	16418	64	8
1292					64
1293	4	0x008e	32546	64	8
1294					64
1295	4	0x008e	48674	64	8
1296					64
1297	4	0x008e	64802	4	8
1298					4
1299	4	0x008e	16674	2	8
1300					2
1301	4	0x008e	290	64	8
1302					64
1303	4	0x008e	16418	64	8
1304					64
1305	4	0x008e	32546	64	8
1306					64
1307	4	0x008e	48674	64	8
1308					64
1309	4	0x008e	64802	4	8
1310					4
1311	4	0x008e	16674	2	8
1312					2
1313	4	0x008e	290	64	8
1314					64
1315	4	0x008e	16418	64	8
1316					64
1317	4	0x008e	32546	64	8
1318					64
1319	4	0x008e	48674	64	8
1320					64
1321	4	0x008e	64802	4	8
1322					4
1323	4	0x008e	16674	2	8
1324					2
1325	4	0x008e	290	64	8
1326					64
1327	4	0x008e	16418	64	8
1328					64
1329	4	0x008e	32546	64	8
1330					64
1331	4	0x008e	48674	64	8
1332					64
1333	4	0x008e	64802	4	8
1334					4
1335	4	0x008e	16674	2	8
1336					2
1337	4	0x008e	290	64	8
1338					64
1339	4	0x008e	16418	64	8
1340					64
1341	4	0x008e	32546	64	8
1342					64
1343	4	0x008e	48674	64	8
1344					64
1345	4	0x008e	64802	4	8
1346					4
1347	4	0x008e	16674	2	8
1348					2
1349	4	0x008e	290	64	8
1350					64
1351	4	0x008e	16418	64	8
1352					64
1353	4	0x008e	32546	64	8
1354					64
1355	4	0x008e	48674	64	8
1356					64
1357	4	0x008e	64802	4	8
1358					4
1359	4	0x008e	16674	2	8
1360					2
1361	4	0x008e	290	64	8
1362					64
1363	4	0x008e	16418	64	8
1364					64
1365	4	0x008e	32546	64	8
1366					64
1367	4	0x008e	48674	64	8
1368					64
1369	4	0x008e	64802	4	8
1370					4
1371	4	0x008e	16674	2	8
1372					2
1373	4	0x008e	290	64	8
1374					64
1375	4	0x008e	16418	64	8
1376					64
1377	4	0x008e	32546	64	8
1378					64
1379	4	0x008e	48674	64	8
1380					64
1381	4	0x008e	64802	4	8
1382					4
1383	4	0x008e	16674	2	8
1384					2
1385	4	0x008e	290	64	8
1386					64
1387	4	0x008e	16418	64	8
1388					64
1389	4	0x008e	32546	64	8
1390					64
1391	4	0x008e	48674	64	8
1392					64
1393	4	0x008e	64802	4	8
1394					4
1395	4	0x008e	16674	2	8
1396					2
1397	4	0x008e	290	64	8
1398					64
1399	4	0x008e	16418	64	8
1400					64
1401	4	0x008e	32546	64	8
1402					64
1403	4	0x008e	48674	64	8
1404					64
1405	4	0x008e	64802	4	8
1406					4
1407	4	0x008e	16674	2	8
1408					2
1409	4	0x008e	290	64	8
1410					64
1411	4	0x008e	16418	64	8
1412					64
1413	4	0x008e	32546	64	8
1414					64
1415	4	0x008e	48674	64	8
1416					64
1417	4	0x008e	64802	4	8
1418					4
1419	4	0x008e	16674	2	8
1420					2
1421	4	0x008e	290	64	8
1422					64
1423	4	0x008e	16418	64	8
1424					64
1425	4	0x008e	32546	64	8
1426					64
1427	4	0x008e	48674	64	8
1428					64
1429	4	0x008e	64802	4	8
1430					4
1431	4	0x008e	16674	2	8
1432					2
1433	4	0x008e	290	64	8
1434					64
1435	4	0x008e	16418	64	8
1436					64
1437	4	0x008e	32546	64	8
1438					64
1439	4	0x008e	48674	64	8
1440					64
1441	4	0x008e	64802	4	8
1442					4
1443	4	0x008e	16674	2	8
1444					2
1445	4	0x008e	290	64	8
1446					64
1447	4	0x008e	16418	64	8
1448					64
1449	4	0x008e	32546	64	8
1450					64
1451	4	0x008e	48674	64	8
1452					64
1453	4	0x008e	64802	4	8
1454					4
1455	4	0x008e	16674	2	8
1456					2
1457	4	0x008e	290	64	8
1458					64
1459	4	0x008e	16418	64	8
1460					64
1461	4	0x008e	32546	64	8
1462					64
1463	4	0x008e	48674	64	8
1464					64
1465	4	0x008e	64802	4	8
1466					4
1467	4	0x008e	16674	2	8
1468					2
1469	4	0x008e	290	64	8
1470					64
1471	4	0x008e	16418	64	8
1472					64
1473	4	0x008e	32546	64	8
1474					64
1475	4	0x008e	48674	64	8
1476					64
1477	4	0x008e	64802	4	8
1478					4
1479	4	0x008e	16674	2	8
1480					2
1481	4	0x008e	290	64	8
1482					64
1483	4	0x008e	16418	64	8
1484					64
1485	4	0x008e	32546	64	8
1486					64
1487	4	0x008e	48674	64	8
1488					64
1489	4	0x008e	64802	4	8
1490					4
1491	4	0x008e	16674	2	8
1492					2
1493	4	0x008e	290	64	8
1494					64
1495	4	0x008e	16418	64	8
1496					64
1497	4	0x008e	32546	64	8
1498					64
1499	4	0x008e	48674	64	8
1500					64
1501	4	0x008e	64802	4	8
1502					4
1503	4	0x008e	16674	2	8
1504					2
1505	4	0x008e	290	64	8
1506					64
1507	4	0x008e	16418	64	8
1508					64
1509	4	0x008e	32546	64	8
1510					64
1511	4	0x008e	48674	64	8
1512					64
1513	4	0x008e	64802	4	8
1514					4
1515	4	0x008e	16674	2	8
1516					2
1517	4	0x008e	290	64	8
1518					64
1519	4	0x008e	16418	64	8
1520					64
1521	4	0x008e	32546	64	8
1522					64
1523	4	0x008e	48674	64	8
1524					64
1525	4	0x008e	64802	4	8
1526					4
1527	4	0x008e	16674	2	8
1528					2
1529	4	0x008e	290	64	8
1530					64
1531	4	0x008e	16418	64	8
1532					64
1533	4	0x008e	32546	64	8
1534					64
1535	4	0x008e	48674	64	8
1536					64
1537	4	0x008e	64802	4	8
1538					4
1539	4	0x008e	16674	2	8
1540					2
1541	4	0x008e	290	64	8
1542					64
1543	4	0x008e	16418	64	8
1544					64
1545	4	0x008e	32546	64	8
1546					64
1547	4	0x008e	48674	64	8
1548					64
1549	4	0x008e	64802	4	8
1550					4
1551	4	0x008e	16674	2	8
1552					2
1553	4	0x008e	290	64	8
1554					64
1555	4	0x008e	16418	64	8
1556					64
1557	4	0x008e	32546	64	8
1558					64
1559	4	0x008e	48674	64	8
1560					64
1561	4	0x008e	64802	4	8
1562					4
1563	4	0x008e	16674	2	8
1564					2
1565	4	0x008e	290	64	8
1566					64
1567	4	0x008e	16418	64	8
1568					64
1569	4	0x008e	32546	64	8
1570					64
1571	4	0x008e	48674	64	8
1572					64
1573	4	0x008e	64802	4	8
1574					4
1575	4	0x008e	16674	2	8
1576					2
1577	4	0x008e	290	64	8
1578					64
1579	4	0x008e	16418	64	8
1580					64
1581	4	0x008e	32546	64	8
1582					64
1583	4	0x008e	48674	64	8
1584					64
1585	4	0x008e	64802	4	8
1586					4
1587	4	0x008e	16674	2	8
1588					2
1589	4	0x008e	290	64	8
1590					64
1591	4	0x008e	16418	64	8
1592					64
1593	4	0x008e	32546	64	8
1594					64
1595	4	0x008e	48674	64	8
1596					64
1597	4	0x008e	64802	4	8
1598					4
1599	4	0x008e	16674	2	8
1600					2
1601	4	0x008e	290	64	8
1602					64
1603	4	0x008e	16418	64	8
1604					64
1605	4	0x008e	32546	64	8
1606					64
1607	4	0x008e	48674	64	8
1608					64
1609	4	0x008e	64802	4	8
1610					4
1611	4	0x008e	16674	2	8
1612					2
1613	4	0x008e	290	64	8
1614					64
1615	4	0x008e	16418	64	8
1616					64
1617	4	0x008e	32546	64	8
1618					64
1619	4	0x008e	48674	64	8
1620					64
1621	4	0x008e	64802	4	8
1622					4
1623	4	0x008e	16674	2	8
1624					2
1625	4	0x008e	290	64	8
1626					64
1627	4	0x008e	16418	64	8
1628					64
1629	4	0x008e	32546	64	8
1630					64
1631	4	0x008e	48674	64	8
1632					64
1633	4	0x008e	64802	4	8
1634					4
1635	4	0x008e	16674	2	8
1636					2
1637	4	0x008e	290	64	8
1638					64
1639	4	0x008e	16418	64	8
1640					64
1641	4	0x008e	32546	64	8
1642					64
1643	4	0x008e	48674	64	8
1644					64
1645	4	0x008e	64802	4	8
1646					4
1647	4	0x008e	16674	2	8
1648					2
1649	4	0x008e	290	64	8
1650					64
1651	4	0x008e	16418	64	8
1652					64
1653	4	0x008e	32546	64	8
1654					64
1655	4	0x008e	48674	64	8
1656					64
1657	4	0x008e	64802	4	8
1658					4
1659	4	0x008e	16674	2	8
1660					2
1661	4	0x008e	290	64	8
1662					64
1663	4	0x008e	16418	64	8
1664					64
1665	4	0x008e	32546	64	8
1666					64
1667	4	0x008e	48674	64	8
1668					64
1669	4	0x008e	64802	4	8
1670					4
1671	4	0x008e	16674	2	8
1672					2
1673	4	0x008e	290	64	8
1674					64
1675	4	0x008e	16418	64	8
1676					64
1677	4	0x008e	32546	64	8
1678					64
1679	4	0x008e	48674	64	8
1680					64
1681	4	0x008e	64802	4	8
1682					4
1683	4	0x008e	16674	2	8
1684					2
1685	4	0x008e	290	64	8
1686					64
1687	4	0x008e	16418	64	8
1688					64
1689	4	0x008e	32546	64	8
1690					64
1691	4	0x008e	48674	64	8
1692					64
1693	4	0x008e	64802	4	8
1694					4
1695	4	0x008e	16674	2	8
1696					2
1697	4	0x008e	290	64	8
1698					64
1699	4	0x008e	16418	64	8
1700					64
1701	4	0x008e	32546	64	8
1702					64
1703	4	0x008e	48674	64	8
1704					64
1705	4	0x008e	64802	4	8
1706					4
1707	4	0x008e	16674	2	8
1708					2
1709	4	0x008e	290	64	8
1710					64
1711	4	0x008e	16418	64	8
1712					64
1713	4	0x008e	32546	64	8
1714					64
1715	4	0x008e	48674	64	8
1716					64
1717	4	0x008e	64802	4	8
1718					4
1719	4	0x008e	16674	2	8
1720					2
1721	4	0x008e	290	64	8
1722					64
1723	4	0x008e	16418	64	8
1724					64
1725	4	0x008e	32546	64	8
1726					64
1727	4	0x008e	48674	64	8
1728					64
1729	4	0x008e	64802	4	8
1730					4
1731	4	0x008e	16674	2	8
1732					2
1733	4	0x008e	290	64	8
1734					64
1735	4	0x008e	16418	64	8
1736					64
1737	4	0x008e	32546	64	8
1738					64
1739	4	0x008e	48674	64	8
1740					64
1741	4	0x008e	64802	4	8
1742					4
1743	4	0x008e	16674	2	8
1744					2
1745	4	0x008e	290	64	8
1746					64
1747	4	0x008e	16418	64	8
1748					64
1749	4	0x008e	32546	64	8
1750					64
1751	4	0x008e	48674	64	8
1752					64
1753	4	0x008e	64802	4	8
1754					4
1755	4	0x008e	16674	2	8
1756					2
1757	4	0x008e	290	64	8
1758					64
1759	4	0x008e	16418	64	8
1760					64
1761	4	0x008e	32546	64	8
1762					64
1763	4	0x008e	48674	64	8
1764					64
1765	4	0x008e	64802	4	8
1766					4
1767	4	0x008e	16674	2	8
1768					2
1769	4	0x008e	290	64	8
1770					64
1771	4	0x008e	16418	64	8
1772					64
1773	4	0x008e	32546	64	8
1774					64
1775	4	0x008e	48674	64	8
1776					64
1777	4	0x008e	64802	4	8
1778					4
1779	4	0x008e	16674	2	8
1780					2
1781	4	0x008e	290	64	8
1782					64
1783	4	0x008e	16418	64	8
1784					64
1785	4	0x008e	32546	64	8
1786					64
1787	4	0x008e	48674	64	8
1788					64
1789	4	0x008e	64802	4	8
1790					4
1791	4	0x008e	16674	2	8
1792					2
1793	4	0x008e	290	64	8
1794					64
1795	4	0x008e	16418	64	8
1796					64
1797	4	0x008e	32546	64	8
1798					64
1799	4	0x008e	48674	64	8
1800					64
1801	4	0x008e	64802	4	8
1802					4
1803	4	0x008e	16674	2	8
1804					2
1805	4	0x008e	290	64	8
1806					64
1807	4	0x008e	16418	64	8
1808					64
1809	4	0x008e	32546	64	8
1810					64
1811	4	0x008e	48674	64	8
1812					64
1813	4	0x008e	64802	4	8
1814					4
1815	4	0x008e	16674	2	8
1816					2
1817	4	0x008e	290	64	8
1818					64
1819	4	0x008e	16418	64	8
1820					64
1821	4	0x008e	32546	64	8
1822					64
1823	4	0x008e	48674	64	8
1824					64
1825	4	0x008e	64802	4	8
1826					4
1827	4	0x008e	16674	2	8
1828					2
1829	4	0x008e	290	64	8
1830					64
1831	4	0x008e	16418	64	8
1832					64
1833	4	0x008e	32546	64	8
1834					64
1835	4	0x008e	48674	64	8
1836					64
1837	4	0x008e	64802	4	8
1838					4
1839	4	0x008e	16674	2	8
1840					2
1841	4	0x008e	290	64	8
1842					64
1843	4	0x008e	16418	64	8
1844					64
1845	4	0x008e	32546	64	8
1846					64
1847	4	0x008e	48674	64	8
1848					64
1849	4	0x008e	64802	4	8
1850					4
1851	4	0x008e	16674	2	8
1852					2
1853	4	0x008e	290	64	8
1854					64
1855	4	0x008e	16418	64	8
1856					64
1857	4	0x008e	32546	64	8
1858					64
1859	4	0x008e	48674	64	8
1860					64
1861	4	0x008e	64802	4	8
1862					4
1863	4	0x008e	16674	2	8
1864					2
1865	4	0x008e	290	64	8
1866					64
1867	4	0x008e	16418	64	8
1868					64
1869	4	0x008e	32546	64	8
1870					64
1871	4	0x008e	48674	64	8
1872					64
1873	4	0x008e	64802	4	8
1874					4
1875	4	0x008e	16674	2	8
1876					2
1877	4	0x008e	290	64	8
1878					64
1879	4	0x008e	16418	64	8
1880					64
1881	4	0x008e	32546	64	8
1882					64
1883	4	0x008e	48674	64	8
1884					64
1885	4	0x008e	64802	4	8
1886					4
1887	4	0x008e	16674	2	8
1888					2
1889	4	0x008e	290	64	8
1890					64
1891	4	0x008e	16418	64	8
1892					64
1893	4	0x008e	32546	64	8
1894					64
1895	4	0x008e	48674	64	8
1896					64
1897	4	0x008e	64802	4	8
1898					4
1899	4	0x008e	16674	2	8
1900					2
1901	4	0x008e	290	64	8
1902					64
1903	4	0x008e	16418	64	8
1904					64
1905	4	0x008e	32546	64	8
1906					64
1907	4	0x008e	48674	64	8
1908					64
1909	4	0x008e	64802	4	8
1910					4
1911	4	0x008e	16674	2	8
1912					2
1913	4	0x008e	290	64	8
1914					64
1915	4	0x008e	16418	64	8
1916					64
1917	4	0x008e	32546	64	8
1918					64
1919	4	0x008e	48674	64	8
1920					64
1921	4	0x008e	64802	4	8
1922					4
1923	4	0x008e	16674	2	8
1924					2
1925	4	0x008e	290	64	8
1926					64
1927	4	0x008e	16418	64	8
1928					64
1929	4	0x008e	32546	64	8
1930					64
1931	4	0x008e	48674	64	8
1932					64
1933	4	0x008e	64802	4	8
1934					4
1935	4	0x008e	16674	2	8
1936					2
1937	4	0x008e	290	64	8
1938					64
1939	4	0x008e	16418	64	8
1940					64
1941	4	0x008e	32546	64	8
1942					64
1943	4	0x008e	48674	64	8
1944					64
1945	4	0x008e	64802	4	8
1946					4
1947	4	0x008e	16674	2	8
1948					2
1949	4	0x008e	290	64	8
1950					64
1951	4	0x008e	16418	64	8
1952					64
1953	4	0x008e	32546	64	8
1954					64
1955	4	0x008e	48674	64	8
1956					64
1957	4	0x008e	64802	4	8
1958					4
1959	4	0x008e	16674	2	8
1960					2
1961	4	0x008e	290	64	8
1962					64
1963	4	0x008e	16418	64	8
1964					64
1965	4	0x008e	32546	64	8
1966					64
1967	4	0x008e	48674	64	8
1968					64
1969	4	0x008e	64802	4	8
1970					4
1971	4	0x008e	16674	2	8
1972					2
1973	4	0x008e	290	64	8
1974					64
1975	4	0x008e	16418	64	8
1976					64
1977	4	0x008e	32546	64	8
1978					64
1979	4	0x008e	48674	64	8
1980					64
1981	4	0x008e	64802	4	8
1982					4
1983	4	0x008e	16674	2	8
1984					2
1985	4	0x008e	290	64	8
1986					64
1987	4	0x008e	16418	64	8
1988					64
1989	4	0x008e	32546	64	8
1990					64
1991	4	0x008e	48674	64	8
1992					64
1993	4	0x008e	64802	4	8
1994					4
1995	4	0x008e	16674	2	8
1996					2
1997	4	0x008e	290	64	8
1998					64
1999	4	0x008e	16418	64	8
2000					64
2001	4	0x008e	32546	64	8
2002					64
2003	4	0x008e	48674	64	8
2004					64
2005	4	0x008e	64802	4	8
2006					4
2007	4	0x008e	16674	2	8
2008					2
2009	4	0x008e	290	64	8
2010					64
2011	4	0x008e	16418	64	8
2012					64
2013	4	0x008e	32546	64	8
2014					64
2015	4	0x008e	48674	64	8
2016					64
2017	4	0x008e	64802	4	8
2018					4
2019	4	0x008e	16674	2	8
2020					2
2021	4	0x008e	290	64	8
2022					64
2023	4	0x008e	16418	64	8
2024					64
2025	4	0x008e	32546	64	8
2026					64
2027	4	0x008e	48674	64	8
2028					64
2029	4	0x008e	64802	4	8
2030					4
2031	4	0x008e	16674	2	8
2032					2
2033	4	0x008e	290	64	8
2034					64
2035	4	0x008e	16418	64	8
2036					64
2037	4	0x008e	32546	64	8
2038					64
2039	4	0x008e	48674	64	8
2040					64
2041	4	0x008e	64802	4	8
2042					4
2043	4	0x008e	16674	2	8
2044					2
2045	4	0x008e	290	64	8
2046					64
2047	4	0x008e	16418	64	8
2048					64
2049	4	0x008e	32546	64	8
2050					64
2051	4	0x008e	48674	64	8
2052					64
2053	4	0x008e	64802	4	8
2054					4
2055	4	0x008e	16674	2	8
2056					2
2057	4	0x0082	0	8	16
2058					0
2061	4	0x0083	0	2	10
2062					0
2063	4	0x0083	0	2	10
2064					0
2065	4	0x0083	0	6	14
2066					0
2067	4	0x0083	0	2	10
2068					0
2069	4	0x008e	16674	2	8
2070					2
2071	4	0x008e	18466	4	8
2072					4
2073	4	0x0083	0	2	10
2074					0
2075	4	0x0083	0	2	10
2076					0
2077	4	0x008e	290	64	8
2078					64
2079	4	0x008e	16418	64	8
2080					64
2081	4	0x008e	32546	64	8
2082					64
2083	4	0x008e	48674	64	8
2084					64
2085	4	0x008e	64802	4	8
2086					4
2087	4	0x008e	16674	2	8
2088					2
2089	4	0x008e	19234	4	8
2090					4
2091	4	0x008e	290	64	8
2092					64
2093	4	0x008e	16418	64	8
2094					64
2095	4	0x008e	32546	64	8
2096					64
2097	4	0x008e	48674	64	8
2098					64
2099	4	0x008e	64802	4	8
2100					4
2101	4	0x008e	16674	2	8
2102					2
2103	4	0x0083	0	2	10
2104					0
2105	4	0x0083	0	2	10
2106					0
2107	4	0x0083	0	2	10
2108					0
2109	4	0x0083	0	2	10
2110					0
2111	4	0x0083	0	2	10
2112					0
2113	4	0x0083	0	2	10
2114					0
2115	4	0x0083	0	2	10
2116					0
2117	4	0x008e	290	64	8
2118					64
2119	4	0x008e	16418	64	8
2120					64
2121	4	0x008e	32546	64	8
2122					64
2123	4	0x008e	48674	64	8
2124					64
2125	4	0x008e	64802	4	8
2126					4
2127	4	0x0083	0	2	10
2128					0
2129	12	0x008c	16	1	9
2130					0
2131	12	0x008c	19	1	9
2132					0
2133	4	0x0083	0	64	72
2134					0
2135	4	0x0083	0	64	72
2136					0
2137	4	0x0083	0	64	72
2138					0
2139	4	0x0083	0	8	16
2140					0
2141	4	0x0083	0	54	62
2142					0
2143	4	0x0084	57862	4	8
2144					4
2145	4	0x008e	290	64	8
2146					64
2147	4	0x008e	16418	64	8
2148					64
2149	4	0x008e	32546	64	8
2150					64
2151	4	0x008e	48674	64	8
2152					64
2153	4	0x008e	64802	4	8
2154					4
2155	4	0x008e	16674	2	8
2156					2
2157	4	0x008e	2594	2	8
2158					2
2159	4	0x0083	0	2	10
2160					0
2161	4	0x008e	16418	2	8
2162					2
2163	4	0x0083	0	2	10
2164					0
2165	4	0x0083	0	2	10
2166					0
2167	4	0x0083	0	2	10
2168					0
2169	4	0x0083	0	2	10
2170					0
2171	4	0x0083	0	2	10
2172					0
