7	6			18	8
8					18
9	6			39	8
10					39
11	9		0	0	8
12					0
21	4	0x008e	290	64	8
22					64
23	4	0x008e	16418	64	8
24					64
25	4	0x008e	32546	64	8
26					64
27	4	0x008e	48674	64	8
28					64
29	4	0x008e	64802	4	8
30					4
31	4	0x0083	0	2	10
32					0
33	12	0x008c	16	1	9
34					0
35	12	0x008c	19	1	9
36					0
37	4	0x0083	0	64	72
38					0
39	4	0x0083	0	64	72
40					0
41	4	0x0083	0	64	72
42					0
43	4	0x0083	0	8	16
44					0
45	4	0x0083	0	54	62
46					0
47	4	0x0084	57862	4	8
48					4
49	4	0x008e	290	64	8
50					64
51	4	0x008e	16418	64	8
52					64
53	4	0x008e	32546	64	8
54					64
55	4	0x008e	48674	64	8
56					64
57	4	0x008e	64802	4	8
58					4
59	4	0x008e	16674	2	8
60					2
61	4	0x008e	2594	2	8
62					2
63	4	0x0083	0	2	10
64					0
65	4	0x008e	16418	2	8
66					2
67	4	0x0083	0	2	10
68					0
69	4	0x0083	0	2	10
70					0
71	4	0x0083	0	2	10
72					0
73	4	0x0083	0	2	10
74					0
75	4	0x0083	0	2	10
76					0
77	4	0x008e	290	64	8
78					64
79	4	0x008e	16418	64	8
80					64
81	4	0x008e	32546	64	8
82					64
83	4	0x008e	48674	64	8
84					64
85	4	0x008e	64802	4	8
86					4
87	4	0x0083	0	2	10
88					0
89	12	0x008c	16	1	9
90					0
91	12	0x008c	19	1	9
92					0
93	4	0x0083	0	64	72
94					0
95	4	0x0083	0	64	72
96					0
97	4	0x0083	0	64	72
98					0
99	4	0x0083	0	8	16
100					0
101	4	0x0083	0	54	62
102					0
103	4	0x0084	57862	4	8
104					4
105	4	0x008e	290	64	8
106					64
107	4	0x008e	16418	64	8
108					64
109	4	0x008e	32546	64	8
110					64
111	4	0x008e	48674	64	8
112					64
113	4	0x008e	64802	4	8
114					4
115	4	0x008e	16674	2	8
116					2
117	4	0x008e	2594	2	8
118					2
119	4	0x0083	0	2	10
120					0
121	4	0x008e	16418	2	8
122					2
123	4	0x0083	0	2	10
124					0
125	4	0x0083	0	2	10
126					0
127	4	0x0083	0	2	10
128					0
129	4	0x0083	0	2	10
130					0
131	4	0x0083	0	2	10
132					0
133	4	0x008e	290	64	8
134					64
135	4	0x008e	16418	64	8
136					64
137	4	0x008e	32546	64	8
138					64
139	4	0x008e	48674	64	8
140					64
141	4	0x008e	64802	4	8
142					4
143	4	0x0083	0	2	10
144					0
145	12	0x008c	16	1	9
146					0
147	12	0x008c	19	1	9
148					0
149	4	0x0083	0	64	72
150					0
151	4	0x0083	0	64	72
152					0
153	4	0x0083	0	64	72
154					0
155	4	0x0083	0	8	16
156					0
157	4	0x0083	0	54	62
158					0
159	4	0x0084	57862	4	8
160					4
161	4	0x008e	290	64	8
162					64
163	4	0x008e	16418	64	8
164					64
165	4	0x008e	32546	64	8
166					64
167	4	0x008e	48674	64	8
168					64
169	4	0x008e	64802	4	8
170					4
171	4	0x008e	16674	2	8
172					2
173	4	0x008e	2594	2	8
174					2
175	4	0x0083	0	2	10
176					0
177	4	0x008e	16418	2	8
178					2
179	4	0x008e	290	64	8
180					64
181	4	0x008e	16418	64	8
182					64
183	4	0x008e	32546	64	8
184					64
185	4	0x008e	48674	64	8
186					64
187	4	0x008e	64802	4	8
188					4
189	4	0x008e	16674	2	8
190					2
191	12	0x008e	11	1	8
192					1
193	4	0x0083	0	64	72
194					0
195	4	0x0083	0	64	72
196					0
197	4	0x0083	0	64	72
198					0
199	4	0x0083	0	8	16
200					0
201	4	0x0083	0	54	62
202					0
203	4	0x0083	0	54	62
204					0
205	4	0x0083	0	60	68
206					0
207	4	0x0083	0	2	10
208					0
209	12	0x008c	16	1	9
210					0
211	12	0x008c	19	1	9
212					0
213	4	0x008e	290	64	8
214					64
215	4	0x008e	16418	64	8
216					64
217	4	0x008e	32546	64	8
218					64
219	4	0x008e	48674	64	8
220					64
221	4	0x008e	64802	4	8
222					4
223	4	0x0083	0	2	10
224					0
225	4	0x0083	0	2	10
226					0
227	4	0x0083	0	2	10
228					0
229	4	0x0083	0	4	12
230					0
231	4	0x0083	0	4	12
232					0
233	4	0x0083	0	4	12
234					0
235	4	0x0083	0	4	12
236					0
237	4	0x0083	0	4	12
238					0
239	4	0x0083	0	4	12
240					0
241	4	0x0083	0	4	12
242					0
243	4	0x0083	0	4	12
244					0
245	4	0x0083	0	4	12
246					0
247	4	0x0083	0	4	12
248					0
249	4	0x0083	0	4	12
250					0
251	4	0x0083	0	4	12
252					0
253	4	0x0083	0	2	10
254					0
255	4	0x008e	290	64	8
256					64
257	4	0x008e	16418	64	8
258					64
259	4	0x008e	32546	64	8
260					64
261	4	0x008e	48674	64	8
262					64
263	4	0x008e	64802	4	8
264					4
265	4	0x008e	16674	2	8
266					2
267	4	0x008e	290	64	8
268					64
269	4	0x008e	16418	64	8
270					64
271	4	0x008e	32546	64	8
272					64
273	4	0x008e	48674	64	8
274					64
275	4	0x008e	64802	4	8
276					4
277	4	0x008e	16674	2	8
278					2
279	4	0x008e	290	64	8
280					64
281	4	0x008e	16418	64	8
282					64
283	4	0x008e	32546	64	8
284					64
285	4	0x008e	48674	64	8
286					64
287	4	0x008e	64802	4	8
288					4
289	4	0x008e	16674	2	8
290					2
291	4	0x0084	57952	16	8
292					16
293	4	0x0083	0	64	72
294					0
295	4	0x0083	0	64	72
296					0
297	4	0x0083	0	64	72
298					0
299	4	0x0083	0	8	16
300					0
301	4	0x0083	0	54	62
302					0
303	4	0x0083	0	54	62
304					0
305	4	0x0083	0	60	68
306					0
307	4	0x0083	0	2	10
308					0
309	12	0x008c	16	1	9
310					0
311	12	0x008c	19	1	9
312					0
313	4	0x008e	290	64	8
314					64
315	4	0x008e	16418	64	8
316					64
317	4	0x008e	32546	64	8
318					64
319	4	0x008e	48674	64	8
320					64
321	4	0x008e	64802	4	8
322					4
323	4	0x0083	0	2	10
324					0
325	4	0x0083	0	2	10
326					0
327	4	0x0083	0	2	10
328					0
329	4	0x0083	0	4	12
330					0
331	4	0x0083	0	4	12
332					0
333	4	0x0083	0	4	12
334					0
335	4	0x0083	0	4	12
336					0
337	4	0x0083	0	4	12
338					0
339	4	0x0083	0	4	12
340					0
341	4	0x0083	0	4	12
342					0
343	4	0x0083	0	4	12
344					0
345	4	0x0083	0	4	12
346					0
347	4	0x0083	0	4	12
348					0
349	4	0x0083	0	4	12
350					0
351	4	0x0083	0	4	12
352					0
353	4	0x0083	0	2	10
354					0
355	4	0x0083	0	2	10
356					0
357	4	0x0083	0	2	10
358					0
359	4	0x0083	0	36	44
360					0
361	4	0x0083	0	2	10
362					0
363	4	0x0083	0	2	10
364					0
365	4	0x0083	0	2	10
366					0
367	4	0x0083	0	4	12
368					0
369	4	0x0083	0	4	12
370					0
371	4	0x0083	0	4	12
372					0
373	4	0x0083	0	4	12
374					0
375	4	0x0083	0	4	12
376					0
377	4	0x0083	0	4	12
378					0
379	4	0x0083	0	4	12
380					0
381	4	0x0083	0	4	12
382					0
383	4	0x0083	0	4	12
384					0
385	4	0x0083	0	4	12
386					0
387	4	0x0083	0	4	12
388					0
389	4	0x0083	0	4	12
390					0
391	4	0x0083	0	2	10
392					0
393	4	0x0083	0	2	10
394					0
395	4	0x0083	0	2	10
396					0
397	4	0x0083	0	2	10
398					0
399	4	0x0084	57968	16	8
400					16
401	4	0x0084	57952	16	8
402					16
403	4	0x0083	0	36	44
404					0
405	4	0x0082	1	8	16
406					0
409	4	0x0082	1	8	16
410					0
413	4	0x0082	1	8	16
414					0
417	4	0x0083	0	2	10
418					0
419	4	0x0083	0	2	10
420					0
421	4	0x0083	0	2	10
422					0
423	4	0x0083	0	2	10
424					0
425	4	0x0083	0	2	10
426					0
427	4	0x0083	0	2	10
428					0
429	4	0x0083	0	2	10
430					0
431	4	0x0083	0	2	10
432					0
433	4	0x008e	290	64	8
434					64
435	4	0x008e	16418	64	8
436					64
437	4	0x008e	32546	64	8
438					64
439	4	0x008e	48674	64	8
440					64
441	4	0x008e	64802	4	8
442					4
443	4	0x008e	16674	2	8
444					2
445	4	0x0083	0	2	10
446					0
447	4	0x0083	0	2	10
448					0
449	4	0x0083	0	2	10
450					0
451	4	0x008e	290	64	8
452					64
453	4	0x008e	16418	64	8
454					64
455	4	0x008e	32546	64	8
456					64
457	4	0x008e	48674	64	8
458					64
459	4	0x008e	64802	4	8
460					4
461	4	0x008e	16674	2	8
462					2
463	4	0x0083	0	2	10
464					0
465	4	0x0083	0	2	10
466					0
467	4	0x0083	0	2	10
468					0
469	4	0x0083	0	2	10
470					0
471	4	0x0083	0	2	10
472					0
473	4	0x0083	0	2	10
474					0
475	4	0x0083	0	2	10
476					0
477	4	0x0082	1	8	16
478					0
481	4	0x0082	1	8	16
482					0
485	4	0x0082	1	8	16
486					0
489	4	0x008e	16674	2	8
490					2
491	12	0x008e	28	1	8
492					1
493	4	0x008e	18466	4	8
494					4
495	4	0x0083	0	40	48
496					0
497	4	0x0083	0	10	18
498					0
499	4	0x0083	0	2	10
500					0
501	4	0x0083	0	2	10
502					0
503	4	0x0082	1	8	16
504					0
507	4	0x0082	1	8	16
508					0
511	4	0x0083	0	6	14
512					0
513	4	0x0083	0	4	12
514					0
515	4	0x0083	0	4	12
516					0
517	4	0x0083	0	4	12
518					0
519	4	0x0083	0	2	10
520					0
521	4	0x0083	0	2	10
522					0
523	4	0x0083	0	2	10
524					0
525	4	0x0083	0	2	10
526					0
527	4	0x0083	0	2	10
528					0
529	4	0x0082	1	8	16
530					0
533	4	0x0083	0	46	54
534					0
535	4	0x0083	0	2	10
536					0
537	4	0x0083	0	2	10
538					0
539	4	0x008e	16418	3	8
540					3
541	4	0x0083	0	2	10
542					0
543	4	0x0083	0	16	24
544					0
545	4	0x0083	0	2	10
546					0
547	4	0x0083	0	2	10
548					0
549	4	0x0083	0	2	10
550					0
551	4	0x0083	0	2	10
552					0
553	4	0x0083	0	2	10
554					0
555	4	0x0083	0	2	10
556					0
557	4	0x0083	0	2	10
558					0
559	4	0x0083	0	2	10
560					0
561	4	0x008e	290	64	8
562					64
563	4	0x008e	16418	64	8
564					64
565	4	0x008e	32546	64	8
566					64
567	4	0x008e	48674	64	8
568					64
569	4	0x008e	64802	4	8
570					4
571	4	0x008e	16674	2	8
572					2
573	4	0x008e	16418	3	8
574					3
575	4	0x008e	16930	4	8
576					4
577	4	0x0082	0	8	16
578					0
583	4	0x008e	16418	2	8
584					2
585	4	0x008e	290	64	8
586					64
587	4	0x008e	16418	64	8
588					64
589	4	0x008e	32546	64	8
590					64
591	4	0x008e	48674	64	8
592					64
593	4	0x008e	64802	4	8
594					4
595	4	0x008e	16674	2	8
596					2
597	4	0x0082	0	8	16
598					0
603	4	0x008e	16418	2	8
604					2
605	4	0x008e	290	64	8
606					64
607	4	0x008e	16418	64	8
608					64
609	4	0x008e	32546	64	8
610					64
611	4	0x008e	48674	64	8
612					64
613	4	0x008e	64802	4	8
614					4
615	4	0x008e	16674	2	8
616					2
617	4	0x0082	0	8	16
618					0
623	4	0x008e	16418	2	8
624					2
625	4	0x008e	290	64	8
626					64
627	4	0x008e	16418	64	8
628					64
629	4	0x008e	32546	64	8
630					64
631	4	0x008e	48674	64	8
632					64
633	4	0x008e	64802	4	8
634					4
635	4	0x008e	16674	2	8
636					2
637	4	0x0082	0	8	16
638					0
643	4	0x008e	16418	2	8
644					2
645	4	0x008e	290	64	8
646					64
647	4	0x008e	16418	64	8
648					64
649	4	0x008e	32546	64	8
650					64
651	4	0x008e	48674	64	8
652					64
653	4	0x008e	64802	4	8
654					4
655	4	0x008e	16674	2	8
656					2
657	4	0x0082	0	8	16
658					0
671	4	0x008e	16418	2	8
672					2
673	4	0x008e	290	64	8
674					64
675	4	0x008e	16418	64	8
676					64
677	4	0x008e	32546	64	8
678					64
679	4	0x008e	48674	64	8
680					64
681	4	0x008e	64802	4	8
682					4
683	4	0x008e	16674	2	8
684					2
685	4	0x0082	0	8	16
686					0
691	4	0x008e	16418	2	8
692					2
693	4	0x008e	290	64	8
694					64
695	4	0x008e	16418	64	8
696					64
697	4	0x008e	32546	64	8
698					64
699	4	0x008e	48674	64	8
700					64
701	4	0x008e	64802	4	8
702					4
703	4	0x008e	16674	2	8
704					2
705	4	0x0082	0	8	16
706					0
711	4	0x008e	16418	2	8
712					2
713	4	0x008e	290	64	8
714					64
715	4	0x008e	16418	64	8
716					64
717	4	0x008e	32546	64	8
718					64
719	4	0x008e	48674	64	8
720					64
721	4	0x008e	64802	4	8
722					4
723	4	0x008e	16674	2	8
724					2
725	4	0x0082	0	8	16
726					0
735	4	0x008e	16418	2	8
736					2
737	4	0x008e	290	64	8
738					64
739	4	0x008e	16418	64	8
740					64
741	4	0x008e	32546	64	8
742					64
743	4	0x008e	48674	64	8
744					64
745	4	0x008e	64802	4	8
746					4
747	4	0x008e	16674	2	8
750					2
751	4	0x0082	0	8	16
752					0
759	4	0x008e	16418	2	8
760					2
761	4	0x008e	290	64	8
762					64
763	4	0x008e	16418	64	8
764					64
765	4	0x008e	32546	64	8
766					64
767	4	0x008e	48674	64	8
768					64
769	4	0x008e	64802	4	8
770					4
771	4	0x008e	16674	2	8
772					2
773	4	0x0082	0	8	16
774					0
783	4	0x008e	16418	2	8
784					2
785	4	0x008e	290	64	8
786					64
787	4	0x008e	16418	64	8
788					64
789	4	0x008e	32546	64	8
790					64
791	4	0x008e	48674	64	8
792					64
793	4	0x008e	64802	4	8
794					4
795	4	0x008e	16674	2	8
796					2
797	4	0x0082	0	8	16
798					0
803	4	0x008e	16418	2	8
804					2
805	4	0x008e	290	64	8
806					64
807	4	0x008e	16418	64	8
808					64
809	4	0x008e	32546	64	8
810					64
811	4	0x008e	48674	64	8
812					64
813	4	0x008e	64802	4	8
814					4
815	4	0x008e	16674	2	8
816					2
817	4	0x0082	0	8	16
818					0
823	4	0x008e	16418	2	8
824					2
825	4	0x008e	290	64	8
826					64
827	4	0x008e	16418	64	8
828					64
829	4	0x008e	32546	64	8
830					64
831	4	0x008e	48674	64	8
832					64
833	4	0x008e	64802	4	8
834					4
835	4	0x008e	16674	2	8
836					2
837	4	0x0082	0	8	16
838					0
843	4	0x008e	16418	2	8
844					2
845	4	0x008e	290	64	8
846					64
847	4	0x008e	16418	64	8
848					64
849	4	0x008e	32546	64	8
850					64
851	4	0x008e	48674	64	8
852					64
853	4	0x008e	64802	4	8
854					4
855	4	0x008e	16674	2	8
856					2
857	4	0x0082	0	8	16
858					0
863	4	0x008e	16418	2	8
864					2
865	4	0x008e	290	64	8
866					64
867	4	0x008e	16418	64	8
868					64
869	4	0x008e	32546	64	8
870					64
871	4	0x008e	48674	64	8
872					64
873	4	0x008e	64802	4	8
874					4
875	4	0x008e	16674	2	8
876					2
877	4	0x0082	0	8	16
878					0
883	4	0x008e	16418	2	8
884					2
885	4	0x008e	290	64	8
886					64
887	4	0x008e	16418	64	8
888					64
889	4	0x008e	32546	64	8
890					64
891	4	0x008e	48674	64	8
892					64
893	4	0x008e	64802	4	8
894					4
895	4	0x008e	16674	2	8
896					2
897	4	0x0082	0	8	16
898					0
903	4	0x008e	16418	2	8
904					2
905	4	0x008e	290	64	8
906					64
907	4	0x008e	16418	64	8
908					64
909	4	0x008e	32546	64	8
910					64
911	4	0x008e	48674	64	8
912					64
913	4	0x008e	64802	4	8
914					4
915	4	0x008e	16674	2	8
916					2
917	4	0x0082	0	8	16
918					0
923	4	0x008e	16418	2	8
924					2
925	4	0x008e	290	64	8
926					64
927	4	0x008e	16418	64	8
928					64
929	4	0x008e	32546	64	8
930					64
931	4	0x008e	48674	64	8
932					64
933	4	0x008e	64802	4	8
934					4
935	4	0x008e	16674	2	8
936					2
937	4	0x0082	0	8	16
938					0
943	4	0x008e	16418	2	8
944					2
945	4	0x008e	290	64	8
946					64
947	4	0x008e	16418	64	8
948					64
949	4	0x008e	32546	64	8
950					64
951	4	0x008e	48674	64	8
952					64
953	4	0x008e	64802	4	8
954					4
955	4	0x008e	16674	2	8
956					2
957	4	0x0082	0	8	16
958					0
963	4	0x008e	16418	2	8
964					2
965	4	0x008e	290	64	8
966					64
967	4	0x008e	16418	64	8
968					64
969	4	0x008e	32546	64	8
970					64
971	4	0x008e	48674	64	8
972					64
973	4	0x008e	64802	4	8
974					4
975	4	0x008e	16674	2	8
976					2
977	4	0x0082	0	8	16
978					0
983	4	0x008e	16418	2	8
984					2
985	4	0x008e	290	64	8
986					64
987	4	0x008e	16418	64	8
988					64
989	4	0x008e	32546	64	8
990					64
991	4	0x008e	48674	64	8
992					64
993	4	0x008e	64802	4	8
994					4
995	4	0x008e	16674	2	8
996					2
997	4	0x0082	0	8	16
998					0
1003	4	0x008e	16418	2	8
1004					2
1005	4	0x008e	290	64	8
1006					64
1007	4	0x008e	16418	64	8
1008					64
1009	4	0x008e	32546	64	8
1010					64
1011	4	0x008e	48674	64	8
1012					64
1013	4	0x008e	64802	4	8
1014					4
1015	4	0x008e	16674	2	8
1016					2
1017	4	0x0082	0	8	16
1018					0
1023	4	0x008e	16418	2	8
1024					2
1025	4	0x008e	290	64	8
1026					64
1027	4	0x008e	16418	64	8
1028					64
1029	4	0x008e	32546	64	8
1030					64
1031	4	0x008e	48674	64	8
1032					64
1033	4	0x008e	64802	4	8
1034					4
1035	4	0x008e	16674	2	8
1036					2
1037	4	0x0082	0	8	16
1038					0
1043	4	0x008e	16418	2	8
1044					2
1045	4	0x008e	290	64	8
1046					64
1047	4	0x008e	16418	64	8
1048					64
1049	4	0x008e	32546	64	8
1050					64
1051	4	0x008e	48674	64	8
1052					64
1053	4	0x008e	64802	4	8
1054					4
1055	4	0x008e	16674	2	8
1056					2
1057	4	0x0082	0	8	16
1058					0
1063	4	0x008e	16418	2	8
1064					2
1065	4	0x008e	290	64	8
1066					64
1067	4	0x008e	16418	64	8
1068					64
1069	4	0x008e	32546	64	8
1070					64
1071	4	0x008e	48674	64	8
1072					64
1073	4	0x008e	64802	4	8
1074					4
1075	4	0x008e	16674	2	8
1076					2
1077	4	0x0082	0	8	16
1078					0
1083	4	0x008e	16418	2	8
1084					2
1085	4	0x008e	290	64	8
1086					64
1087	4	0x008e	16418	64	8
1088					64
1089	4	0x008e	32546	64	8
1090					64
1091	4	0x008e	48674	64	8
1092					64
1093	4	0x008e	64802	4	8
1094					4
1095	4	0x008e	16674	2	8
1096					2
1097	4	0x0082	0	8	16
1098					0
1103	4	0x008e	16418	2	8
1104					2
1105	4	0x008e	290	64	8
1106					64
1107	4	0x008e	16418	64	8
1108					64
1109	4	0x008e	32546	64	8
1110					64
1111	4	0x008e	48674	64	8
1112					64
1113	4	0x008e	64802	4	8
1114					4
1115	4	0x008e	16674	2	8
1116					2
1117	4	0x0082	0	8	16
1118					0
1123	4	0x008e	16418	2	8
1124					2
1125	4	0x008e	290	64	8
1126					64
1127	4	0x008e	16418	64	8
1128					64
1129	4	0x008e	32546	64	8
1130					64
1131	4	0x008e	48674	64	8
1132					64
1133	4	0x008e	64802	4	8
1134					4
1135	4	0x008e	16674	2	8
1136					2
1137	4	0x0082	0	8	16
1138					0
1143	4	0x008e	16418	2	8
1144					2
1145	4	0x008e	290	64	8
1146					64
1147	4	0x008e	16418	64	8
1148					64
1149	4	0x008e	32546	64	8
1150					64
1151	4	0x008e	48674	64	8
1152					64
1153	4	0x008e	64802	4	8
1154					4
1155	4	0x008e	16674	2	8
1156					2
1157	4	0x0082	0	8	16
1158					0
1163	4	0x008e	16418	2	8
1164					2
1165	4	0x008e	290	64	8
1166					64
1167	4	0x008e	16418	64	8
1168					64
1169	4	0x008e	32546	64	8
1170					64
1171	4	0x008e	48674	64	8
1172					64
1173	4	0x008e	64802	4	8
1174					4
1175	4	0x008e	16674	2	8
1176					2
1177	4	0x0082	0	8	16
1178					0
1183	4	0x008e	16418	2	8
1184					2
1185	4	0x008e	290	64	8
1186					64
1187	4	0x008e	16418	64	8
1188					64
1189	4	0x008e	32546	64	8
1190					64
1191	4	0x008e	48674	64	8
1192					64
1193	4	0x008e	64802	4	8
1194					4
1195	4	0x008e	16674	2	8
1196					2
1197	4	0x0082	0	8	16
1198					0
1203	4	0x008e	16418	2	8
1204					2
1205	4	0x008e	290	64	8
1206					64
1207	4	0x008e	16418	64	8
1208					64
1209	4	0x008e	32546	64	8
1210					64
1211	4	0x008e	48674	64	8
1212					64
1213	4	0x008e	64802	4	8
1214					4
1215	4	0x008e	16674	2	8
1216					2
1217	4	0x0082	0	8	16
1218					0
1223	4	0x008e	16418	2	8
1224					2
1225	4	0x008e	290	64	8
1226					64
1227	4	0x008e	16418	64	8
1228					64
1229	4	0x008e	32546	64	8
1230					64
1231	4	0x008e	48674	64	8
1232					64
1233	4	0x008e	64802	4	8
1234					4
1235	4	0x008e	16674	2	8
1236					2
1237	4	0x0082	0	8	16
1238					0
1243	4	0x008e	16418	2	8
1244					2
1245	4	0x008e	290	64	8
1246					64
1247	4	0x008e	16418	64	8
1248					64
1249	4	0x008e	32546	64	8
1250					64
1251	4	0x008e	48674	64	8
1252					64
1253	4	0x008e	64802	4	8
1254					4
1255	4	0x008e	16674	2	8
1256					2
1257	4	0x0082	0	8	16
1258					0
1263	4	0x008e	16418	2	8
1264					2
1265	4	0x008e	290	64	8
1266					64
1267	4	0x008e	16418	64	8
1268					64
1269	4	0x008e	32546	64	8
1270					64
1271	4	0x008e	48674	64	8
1272					64
1273	4	0x008e	64802	4	8
1274					4
1275	4	0x008e	16674	2	8
1276					2
1277	4	0x0082	0	8	16
1278					0
1283	4	0x008e	16418	2	8
1284					2
1285	4	0x008e	290	64	8
1286					64
1287	4	0x008e	16418	64	8
1288					64
1289	4	0x008e	32546	64	8
1290					64
1291	4	0x008e	48674	64	8
1292					64
1293	4	0x008e	64802	4	8
1294					4
1295	4	0x008e	16674	2	8
1296					2
1297	4	0x0082	0	8	16
1298					0
1303	4	0x008e	16418	2	8
1304					2
1305	4	0x008e	290	64	8
1306					64
1307	4	0x008e	16418	64	8
1308					64
1309	4	0x008e	32546	64	8
1310					64
1311	4	0x008e	48674	64	8
1312					64
1313	4	0x008e	64802	4	8
1314					4
1315	4	0x008e	16674	2	8
1316					2
1317	4	0x0082	0	8	16
1318					0
1323	4	0x008e	16418	2	8
1324					2
1325	4	0x008e	290	64	8
1326					64
1327	4	0x008e	16418	64	8
1328					64
1329	4	0x008e	32546	64	8
1330					64
1331	4	0x008e	48674	64	8
1332					64
1333	4	0x008e	64802	4	8
1334					4
1335	4	0x008e	16674	2	8
1336					2
1337	4	0x0082	0	8	16
1338					0
1343	4	0x008e	16418	2	8
1344					2
1345	4	0x008e	290	64	8
1346					64
1347	4	0x008e	16418	64	8
1348					64
1349	4	0x008e	32546	64	8
1350					64
1351	4	0x008e	48674	64	8
1352					64
1353	4	0x008e	64802	4	8
1354					4
1355	4	0x008e	16674	2	8
1356					2
1357	4	0x0082	0	8	16
1358					0
1363	4	0x008e	16418	2	8
1364					2
1365	4	0x008e	290	64	8
1366					64
1367	4	0x008e	16418	64	8
1368					64
1369	4	0x008e	32546	64	8
1370					64
1371	4	0x008e	48674	64	8
1372					64
1373	4	0x008e	64802	4	8
1374					4
1375	4	0x008e	16674	2	8
1376					2
1377	4	0x0082	0	8	16
1378					0
1383	4	0x008e	16418	2	8
1384					2
1385	4	0x008e	290	64	8
1386					64
1387	4	0x008e	16418	64	8
1388					64
1389	4	0x008e	32546	64	8
1390					64
1391	4	0x008e	48674	64	8
1392					64
1393	4	0x008e	64802	4	8
1394					4
1395	4	0x008e	16674	2	8
1396					2
1397	4	0x0082	0	8	16
1398					0
1403	4	0x008e	16418	2	8
1404					2
1405	4	0x008e	290	64	8
1406					64
1407	4	0x008e	16418	64	8
1408					64
1409	4	0x008e	32546	64	8
1410					64
1411	4	0x008e	48674	64	8
1412					64
1413	4	0x008e	64802	4	8
1414					4
1415	4	0x008e	16674	2	8
1416					2
1417	4	0x0082	0	8	16
1418					0
1423	4	0x008e	16418	2	8
1424					2
1425	4	0x008e	290	64	8
1426					64
1427	4	0x008e	16418	64	8
1428					64
1429	4	0x008e	32546	64	8
1430					64
1431	4	0x008e	48674	64	8
1432					64
1433	4	0x008e	64802	4	8
1434					4
1435	4	0x008e	16674	2	8
1436					2
1437	4	0x0082	0	8	16
1438					0
1443	4	0x008e	16418	2	8
1444					2
1445	4	0x008e	290	64	8
1446					64
1447	4	0x008e	16418	64	8
1448					64
1449	4	0x008e	32546	64	8
1450					64
1451	4	0x008e	48674	64	8
1452					64
1453	4	0x008e	64802	4	8
1454					4
1455	4	0x008e	16674	2	8
1456					2
1457	4	0x0082	0	8	16
1458					0
1463	4	0x008e	16418	2	8
1464					2
1465	4	0x008e	290	64	8
1466					64
1467	4	0x008e	16418	64	8
1468					64
1469	4	0x008e	32546	64	8
1470					64
1471	4	0x008e	48674	64	8
1472					64
1473	4	0x008e	64802	4	8
1474					4
1475	4	0x008e	16674	2	8
1476					2
1477	4	0x0082	0	8	16
1478					0
1483	4	0x008e	16418	2	8
1484					2
1485	4	0x008e	290	64	8
1486					64
1487	4	0x008e	16418	64	8
1488					64
1489	4	0x008e	32546	64	8
1490					64
1491	4	0x008e	48674	64	8
1492					64
1493	4	0x008e	64802	4	8
1494					4
1495	4	0x008e	16674	2	8
1496					2
1497	4	0x0082	0	8	16
1498					0
1503	4	0x008e	16418	2	8
1504					2
1505	4	0x008e	290	64	8
1506					64
1507	4	0x008e	16418	64	8
1508					64
1509	4	0x008e	32546	64	8
1510					64
1511	4	0x008e	48674	64	8
1512					64
1513	4	0x008e	64802	4	8
1514					4
1515	4	0x008e	16674	2	8
1516					2
1517	4	0x0082	0	8	16
1518					0
1523	4	0x008e	16418	2	8
1524					2
1525	4	0x008e	290	64	8
1526					64
1527	4	0x008e	16418	64	8
1528					64
1529	4	0x008e	32546	64	8
1530					64
1531	4	0x008e	48674	64	8
1532					64
1533	4	0x008e	64802	4	8
1534					4
1535	4	0x008e	16674	2	8
1536					2
1537	4	0x0082	0	8	16
1538					0
1543	4	0x008e	16418	2	8
1544					2
1545	4	0x008e	290	64	8
1546					64
1547	4	0x008e	16418	64	8
1548					64
1549	4	0x008e	32546	64	8
1550					64
1551	4	0x008e	48674	64	8
1552					64
1553	4	0x008e	64802	4	8
1554					4
1555	4	0x008e	16674	2	8
1556					2
1557	4	0x0082	0	8	16
1558					0
1563	4	0x008e	16418	2	8
1564					2
1565	4	0x008e	290	64	8
1566					64
1567	4	0x008e	16418	64	8
1568					64
1569	4	0x008e	32546	64	8
1570					64
1571	4	0x008e	48674	64	8
1572					64
1573	4	0x008e	64802	4	8
1574					4
1575	4	0x008e	16674	2	8
1576					2
1577	4	0x0082	0	8	16
1578					0
1583	4	0x008e	16418	2	8
1584					2
1585	4	0x008e	290	64	8
1586					64
1587	4	0x008e	16418	64	8
1588					64
1589	4	0x008e	32546	64	8
1590					64
1591	4	0x008e	48674	64	8
1592					64
1593	4	0x008e	64802	4	8
1594					4
1595	4	0x008e	16674	2	8
1596					2
1597	4	0x0082	0	8	16
1598					0
1603	4	0x008e	16418	2	8
1604					2
1605	4	0x008e	290	64	8
1606					64
1607	4	0x008e	16418	64	8
1608					64
1609	4	0x008e	32546	64	8
1610					64
1611	4	0x008e	48674	64	8
1612					64
1613	4	0x008e	64802	4	8
1614					4
1615	4	0x008e	16674	2	8
1616					2
1617	4	0x0082	0	8	16
1618					0
1623	4	0x008e	16418	2	8
1624					2
1625	4	0x008e	19234	4	8
1626					4
1627	4	0x008e	290	64	8
1628					64
1629	4	0x008e	16418	64	8
1630					64
1631	4	0x008e	32546	64	8
1632					64
1633	4	0x008e	48674	64	8
1634					64
1635	4	0x008e	64802	4	8
1636					4
1637	4	0x008e	16674	2	8
1638					2
1639	4	0x0082	0	8	16
1640					0
1645	4	0x008e	290	64	8
1646					64
1647	4	0x008e	16418	64	8
1648					64
1649	4	0x008e	32546	64	8
1650					64
1651	4	0x008e	48674	64	8
1652					64
1653	4	0x008e	64802	4	8
1654					4
1655	4	0x008e	16674	2	8
1656					2
1657	4	0x0082	0	8	16
1658					0
1663	4	0x008e	290	64	8
1664					64
1665	4	0x008e	16418	64	8
1666					64
1667	4	0x008e	32546	64	8
1668					64
1669	4	0x008e	48674	64	8
1670					64
1671	4	0x008e	64802	4	8
1672					4
1673	4	0x008e	16674	2	8
1674					2
1675	4	0x0082	0	8	16
1676					0
1681	4	0x008e	290	64	8
1682					64
1683	4	0x008e	16418	64	8
1684					64
1685	4	0x008e	32546	64	8
1686					64
1687	4	0x008e	48674	64	8
1688					64
1689	4	0x008e	64802	4	8
1690					4
1691	4	0x008e	16674	2	8
1692					2
1693	4	0x0082	0	8	16
1694					0
1699	4	0x008e	290	64	8
1700					64
1701	4	0x008e	16418	64	8
1702					64
1703	4	0x008e	32546	64	8
1704					64
1705	4	0x008e	48674	64	8
1706					64
1707	4	0x008e	64802	4	8
1708					4
1709	4	0x008e	16674	2	8
1710					2
1711	4	0x008e	290	64	8
1712					64
1713	4	0x008e	16418	64	8
1714					64
1715	4	0x008e	32546	64	8
1716					64
1717	4	0x008e	48674	64	8
1718					64
1719	4	0x008e	64802	4	8
1720					4
1721	4	0x008e	16674	2	8
1722					2
1723	4	0x008e	290	64	8
1724					64
1725	4	0x008e	16418	64	8
1726					64
1727	4	0x008e	32546	64	8
1728					64
1729	4	0x008e	48674	64	8
1730					64
1731	4	0x008e	64802	4	8
1732					4
1733	4	0x008e	16674	2	8
1734					2
1735	4	0x008e	290	64	8
1736					64
1737	4	0x008e	16418	64	8
1738					64
1739	4	0x008e	32546	64	8
1740					64
1741	4	0x008e	48674	64	8
1742					64
1743	4	0x008e	64802	4	8
1744					4
1745	4	0x008e	16674	2	8
1746					2
1747	4	0x008e	290	64	8
1748					64
1749	4	0x008e	16418	64	8
1750					64
1751	4	0x008e	32546	64	8
1752					64
1753	4	0x008e	48674	64	8
1754					64
1755	4	0x008e	64802	4	8
1756					4
1757	4	0x008e	16674	2	8
1758					2
1759	4	0x008e	290	64	8
1760					64
1761	4	0x008e	16418	64	8
1762					64
1763	4	0x008e	32546	64	8
1764					64
1765	4	0x008e	48674	64	8
1766					64
1767	4	0x008e	64802	4	8
1768					4
1769	4	0x008e	16674	2	8
1770					2
1771	4	0x008e	290	64	8
1772					64
1773	4	0x008e	16418	64	8
1774					64
1775	4	0x008e	32546	64	8
1776					64
1777	4	0x008e	48674	64	8
1778					64
1779	4	0x008e	64802	4	8
1780					4
1781	4	0x008e	16674	2	8
1782					2
1783	4	0x008e	290	64	8
1784					64
1785	4	0x008e	16418	64	8
1786					64
1787	4	0x008e	32546	64	8
1788					64
1789	4	0x008e	48674	64	8
1790					64
1791	4	0x008e	64802	4	8
1792					4
1793	4	0x008e	16674	2	8
1794					2
1795	4	0x008e	290	64	8
1796					64
1797	4	0x008e	16418	64	8
1798					64
1799	4	0x008e	32546	64	8
1800					64
1801	4	0x008e	48674	64	8
1802					64
1803	4	0x008e	64802	4	8
1804					4
1805	4	0x008e	16674	2	8
1806					2
1807	4	0x008e	290	64	8
1808					64
1809	4	0x008e	16418	64	8
1810					64
1811	4	0x008e	32546	64	8
1812					64
1813	4	0x008e	48674	64	8
1814					64
1815	4	0x008e	64802	4	8
1816					4
1817	4	0x008e	16674	2	8
1818					2
1819	4	0x008e	290	64	8
1820					64
1821	4	0x008e	16418	64	8
1822					64
1823	4	0x008e	32546	64	8
1824					64
1825	4	0x008e	48674	64	8
1826					64
1827	4	0x008e	64802	4	8
1828					4
1829	4	0x008e	16674	2	8
1830					2
1831	4	0x008e	290	64	8
1832					64
1833	4	0x008e	16418	64	8
1834					64
1835	4	0x008e	32546	64	8
1836					64
1837	4	0x008e	48674	64	8
1838					64
1839	4	0x008e	64802	4	8
1840					4
1841	4	0x008e	16674	2	8
1842					2
1843	4	0x008e	290	64	8
1844					64
1845	4	0x008e	16418	64	8
1846					64
1847	4	0x008e	32546	64	8
1848					64
1849	4	0x008e	48674	64	8
1850					64
1851	4	0x008e	64802	4	8
1852					4
1853	4	0x008e	16674	2	8
1854					2
1855	4	0x008e	290	64	8
1856					64
1857	4	0x008e	16418	64	8
1858					64
1859	4	0x008e	32546	64	8
1860					64
1861	4	0x008e	48674	64	8
1862					64
1863	4	0x008e	64802	4	8
1864					4
1865	4	0x008e	16674	2	8
1866					2
1867	4	0x008e	290	64	8
1868					64
1869	4	0x008e	16418	64	8
1870					64
1871	4	0x008e	32546	64	8
1872					64
1873	4	0x008e	48674	64	8
1874					64
1875	4	0x008e	64802	4	8
1876					4
1877	4	0x008e	16674	2	8
1878					2
1879	4	0x008e	290	64	8
1880					64
1881	4	0x008e	16418	64	8
1882					64
1883	4	0x008e	32546	64	8
1884					64
1885	4	0x008e	48674	64	8
1886					64
1887	4	0x008e	64802	4	8
1888					4
1889	4	0x008e	16674	2	8
1890					2
1891	4	0x008e	290	64	8
1892					64
1893	4	0x008e	16418	64	8
1894					64
1895	4	0x008e	32546	64	8
1896					64
1897	4	0x008e	48674	64	8
1898					64
1899	4	0x008e	64802	4	8
1900					4
1901	4	0x008e	16674	2	8
1902					2
1903	4	0x008e	290	64	8
1904					64
1905	4	0x008e	16418	64	8
1906					64
1907	4	0x008e	32546	64	8
1908					64
1909	4	0x008e	48674	64	8
1910					64
1911	4	0x008e	64802	4	8
1912					4
1913	4	0x008e	16674	2	8
1914					2
1915	4	0x008e	290	64	8
1916					64
1917	4	0x008e	16418	64	8
1918					64
1919	4	0x008e	32546	64	8
1920					64
1921	4	0x008e	48674	64	8
1922					64
1923	4	0x008e	64802	4	8
1924					4
1925	4	0x008e	16674	2	8
1926					2
1927	4	0x008e	290	64	8
1928					64
1929	4	0x008e	16418	64	8
1930					64
1931	4	0x008e	32546	64	8
1932					64
1933	4	0x008e	48674	64	8
1934					64
1935	4	0x008e	64802	4	8
1936					4
1937	4	0x008e	16674	2	8
1938					2
1939	4	0x008e	290	64	8
1940					64
1941	4	0x008e	16418	64	8
1942					64
1943	4	0x008e	32546	64	8
1944					64
1945	4	0x008e	48674	64	8
1946					64
1947	4	0x008e	64802	4	8
1948					4
1949	4	0x008e	16674	2	8
1950					2
1951	4	0x008e	290	64	8
1952					64
1953	4	0x008e	16418	64	8
1954					64
1955	4	0x008e	32546	64	8
1956					64
1957	4	0x008e	48674	64	8
1958					64
1959	4	0x008e	64802	4	8
1960					4
1961	4	0x008e	16674	2	8
1962					2
1963	4	0x008e	290	64	8
1964					64
1965	4	0x008e	16418	64	8
1966					64
1967	4	0x008e	32546	64	8
1968					64
1969	4	0x008e	48674	64	8
1970					64
1971	4	0x008e	64802	4	8
1972					4
1973	4	0x008e	16674	2	8
1974					2
1975	4	0x008e	290	64	8
1976					64
1977	4	0x008e	16418	64	8
1978					64
1979	4	0x008e	32546	64	8
1980					64
1981	4	0x008e	48674	64	8
1982					64
1983	4	0x008e	64802	4	8
1984					4
1985	4	0x008e	16674	2	8
1986					2
1987	4	0x008e	290	64	8
1988					64
1989	4	0x008e	16418	64	8
1990					64
1991	4	0x008e	32546	64	8
1992					64
1993	4	0x008e	48674	64	8
1994					64
1995	4	0x008e	64802	4	8
1996					4
1997	4	0x008e	16674	2	8
1998					2
1999	4	0x008e	290	64	8
2000					64
2001	4	0x008e	16418	64	8
2002					64
2003	4	0x008e	32546	64	8
2004					64
2005	4	0x008e	48674	64	8
2006					64
2007	4	0x008e	64802	4	8
2008					4
2009	4	0x008e	16674	2	8
2010					2
2011	4	0x008e	290	64	8
2012					64
2013	4	0x008e	16418	64	8
2014					64
2015	4	0x008e	32546	64	8
2016					64
2017	4	0x008e	48674	64	8
2018					64
2019	4	0x008e	64802	4	8
2020					4
2021	4	0x008e	16674	2	8
2022					2
2023	4	0x008e	290	64	8
2024					64
2025	4	0x008e	16418	64	8
2026					64
2027	4	0x008e	32546	64	8
2028					64
2029	4	0x008e	48674	64	8
2030					64
2031	4	0x008e	64802	4	8
2032					4
2033	4	0x008e	16674	2	8
2034					2
2035	4	0x008e	290	64	8
2036					64
2037	4	0x008e	16418	64	8
2038					64
2039	4	0x008e	32546	64	8
2040					64
2041	4	0x008e	48674	64	8
2042					64
2043	4	0x008e	64802	4	8
2044					4
2045	4	0x008e	16674	2	8
2046					2
2047	4	0x008e	290	64	8
2048					64
2049	4	0x008e	16418	64	8
2050					64
2051	4	0x008e	32546	64	8
2052					64
2053	4	0x008e	48674	64	8
2054					64
2055	4	0x008e	64802	4	8
2056					4
2057	4	0x008e	16674	2	8
2058					2
2059	4	0x008e	290	64	8
2060					64
2061	4	0x008e	16418	64	8
2062					64
2063	4	0x008e	32546	64	8
2064					64
2065	4	0x008e	48674	64	8
2066					64
2067	4	0x008e	64802	4	8
2068					4
2069	4	0x008e	16674	2	8
2070					2
2071	4	0x008e	290	64	8
2072					64
2073	4	0x008e	16418	64	8
2074					64
2075	4	0x008e	32546	64	8
2076					64
2077	4	0x008e	48674	64	8
2078					64
2079	4	0x008e	64802	4	8
2080					4
2081	4	0x008e	16674	2	8
2082					2
2083	4	0x008e	290	64	8
2084					64
2085	4	0x008e	16418	64	8
2086					64
2087	4	0x008e	32546	64	8
2088					64
2089	4	0x008e	48674	64	8
2090					64
2091	4	0x008e	64802	4	8
2092					4
2093	4	0x008e	16674	2	8
2094					2
2095	4	0x008e	290	64	8
2096					64
2097	4	0x008e	16418	64	8
2098					64
2099	4	0x008e	32546	64	8
2100					64
2101	4	0x008e	48674	64	8
2102					64
2103	4	0x008e	64802	4	8
2104					4
2105	4	0x008e	16674	2	8
2106					2
2107	4	0x008e	290	64	8
2108					64
2109	4	0x008e	16418	64	8
2110					64
2111	4	0x008e	32546	64	8
2112					64
2113	4	0x008e	48674	64	8
2114					64
2115	4	0x008e	64802	4	8
2116					4
2117	4	0x008e	16674	2	8
2118					2
2119	4	0x008e	290	64	8
2120					64
2121	4	0x008e	16418	64	8
2122					64
2123	4	0x008e	32546	64	8
2124					64
2125	4	0x008e	48674	64	8
2126					64
2127	4	0x008e	64802	4	8
2128					4
2129	4	0x008e	16674	2	8
2130					2
2131	4	0x008e	290	64	8
2132					64
2133	4	0x008e	16418	64	8
2134					64
2135	4	0x008e	32546	64	8
2136					64
2137	4	0x008e	48674	64	8
2138					64
2139	4	0x008e	64802	4	8
2140					4
2141	4	0x008e	16674	2	8
2142					2
2143	4	0x008e	290	64	8
2144					64
2145	4	0x008e	16418	64	8
2146					64
2147	4	0x008e	32546	64	8
2148					64
2149	4	0x008e	48674	64	8
2150					64
2151	4	0x008e	64802	4	8
2152					4
2153	4	0x008e	16674	2	8
2154					2
2155	4	0x008e	290	64	8
2156					64
2157	4	0x008e	16418	64	8
2158					64
2159	4	0x008e	32546	64	8
2160					64
2161	4	0x008e	48674	64	8
2162					64
2163	4	0x008e	64802	4	8
2164					4
2165	4	0x008e	16674	2	8
2166					2
2167	4	0x008e	290	64	8
2168					64
2169	4	0x008e	16418	64	8
2170					64
2171	4	0x008e	32546	64	8
2172					64
2173	4	0x008e	48674	64	8
2174					64
2175	4	0x008e	64802	4	8
2176					4
2177	4	0x008e	16674	2	8
2178					2
2179	4	0x008e	290	64	8
2180					64
2181	4	0x008e	16418	64	8
2182					64
2183	4	0x008e	32546	64	8
2184					64
2185	4	0x008e	48674	64	8
2186					64
2187	4	0x008e	64802	4	8
2188					4
2189	4	0x008e	16674	2	8
2190					2
2191	4	0x008e	290	64	8
2192					64
2193	4	0x008e	16418	64	8
2194					64
2195	4	0x008e	32546	64	8
2196					64
2197	4	0x008e	48674	64	8
2198					64
2199	4	0x008e	64802	4	8
2200					4
2201	4	0x008e	16674	2	8
2202					2
2203	4	0x008e	290	64	8
2204					64
2205	4	0x008e	16418	64	8
2206					64
2207	4	0x008e	32546	64	8
2208					64
2209	4	0x008e	48674	64	8
2210					64
2211	4	0x008e	64802	4	8
2212					4
2213	4	0x008e	16674	2	8
2214					2
2215	4	0x008e	290	64	8
2216					64
2217	4	0x008e	16418	64	8
2218					64
2219	4	0x008e	32546	64	8
2220					64
2221	4	0x008e	48674	64	8
2222					64
2223	4	0x008e	64802	4	8
2224					4
2225	4	0x008e	16674	2	8
2226					2
2227	4	0x008e	290	64	8
2228					64
2229	4	0x008e	16418	64	8
2230					64
2231	4	0x008e	32546	64	8
2232					64
2233	4	0x008e	48674	64	8
2234					64
2235	4	0x008e	64802	4	8
2236					4
2237	4	0x008e	16674	2	8
2238					2
2239	4	0x008e	290	64	8
2240					64
2241	4	0x008e	16418	64	8
2242					64
2243	4	0x008e	32546	64	8
2244					64
2245	4	0x008e	48674	64	8
2246					64
2247	4	0x008e	64802	4	8
2248					4
2249	4	0x008e	16674	2	8
2250					2
2251	4	0x008e	290	64	8
2252					64
2253	4	0x008e	16418	64	8
2254					64
2255	4	0x008e	32546	64	8
2256					64
2257	4	0x008e	48674	64	8
2258					64
2259	4	0x008e	64802	4	8
2260					4
2261	4	0x008e	16674	2	8
2262					2
2263	4	0x008e	290	64	8
2264					64
2265	4	0x008e	16418	64	8
2266					64
2267	4	0x008e	32546	64	8
2268					64
2269	4	0x008e	48674	64	8
2270					64
2271	4	0x008e	64802	4	8
2272					4
2273	4	0x008e	16674	2	8
2274					2
2275	4	0x008e	290	64	8
2276					64
2277	4	0x008e	16418	64	8
2278					64
2279	4	0x008e	32546	64	8
2280					64
2281	4	0x008e	48674	64	8
2282					64
2283	4	0x008e	64802	4	8
2284					4
2285	4	0x008e	16674	2	8
2286					2
2287	4	0x008e	290	64	8
2288					64
2289	4	0x008e	16418	64	8
2290					64
2291	4	0x008e	32546	64	8
2292					64
2293	4	0x008e	48674	64	8
2294					64
2295	4	0x008e	64802	4	8
2296					4
2297	4	0x008e	16674	2	8
2298					2
2299	4	0x008e	290	64	8
2300					64
2301	4	0x008e	16418	64	8
2302					64
2303	4	0x008e	32546	64	8
2304					64
2305	4	0x008e	48674	64	8
2306					64
2307	4	0x008e	64802	4	8
2308					4
2309	4	0x008e	16674	2	8
2310					2
2311	4	0x008e	290	64	8
2312					64
2313	4	0x008e	16418	64	8
2314					64
2315	4	0x008e	32546	64	8
2316					64
2317	4	0x008e	48674	64	8
2318					64
2319	4	0x008e	64802	4	8
2320					4
2321	4	0x008e	16674	2	8
2322					2
2323	4	0x008e	290	64	8
2324					64
2325	4	0x008e	16418	64	8
2326					64
2327	4	0x008e	32546	64	8
2328					64
2329	4	0x008e	48674	64	8
2330					64
2331	4	0x008e	64802	4	8
2332					4
2333	4	0x008e	16674	2	8
2334					2
2335	4	0x008e	290	64	8
2336					64
2337	4	0x008e	16418	64	8
2338					64
2339	4	0x008e	32546	64	8
2340					64
2341	4	0x008e	48674	64	8
2342					64
2343	4	0x008e	64802	4	8
2344					4
2345	4	0x008e	16674	2	8
2346					2
2347	4	0x008e	290	64	8
2348					64
2349	4	0x008e	16418	64	8
2350					64
2351	4	0x008e	32546	64	8
2352					64
2353	4	0x008e	48674	64	8
2354					64
2355	4	0x008e	64802	4	8
2356					4
2357	4	0x008e	16674	2	8
2358					2
2359	4	0x008e	290	64	8
2360					64
2361	4	0x008e	16418	64	8
2362					64
2363	4	0x008e	32546	64	8
2364					64
2365	4	0x008e	48674	64	8
2366					64
2367	4	0x008e	64802	4	8
2368					4
2369	4	0x008e	16674	2	8
2370					2
2371	4	0x008e	290	64	8
2372					64
2373	4	0x008e	16418	64	8
2374					64
2375	4	0x008e	32546	64	8
2376					64
2377	4	0x008e	48674	64	8
2378					64
2379	4	0x008e	64802	4	8
2380					4
2381	4	0x008e	16674	2	8
2382					2
2383	4	0x008e	290	64	8
2384					64
2385	4	0x008e	16418	64	8
2386					64
2387	4	0x008e	32546	64	8
2388					64
2389	4	0x008e	48674	64	8
2390					64
2391	4	0x008e	64802	4	8
2392					4
2393	4	0x008e	16674	2	8
2394					2
2395	4	0x008e	290	64	8
2396					64
2397	4	0x008e	16418	64	8
2398					64
2399	4	0x008e	32546	64	8
2400					64
2401	4	0x008e	48674	64	8
2402					64
2403	4	0x008e	64802	4	8
2404					4
2405	4	0x008e	16674	2	8
2406					2
2407	4	0x008e	290	64	8
2408					64
2409	4	0x008e	16418	64	8
2410					64
2411	4	0x008e	32546	64	8
2412					64
2413	4	0x008e	48674	64	8
2414					64
2415	4	0x008e	64802	4	8
2416					4
2417	4	0x008e	16674	2	8
2418					2
2419	4	0x008e	290	64	8
2420					64
2421	4	0x008e	16418	64	8
2422					64
2423	4	0x008e	32546	64	8
2424					64
2425	4	0x008e	48674	64	8
2426					64
2427	4	0x008e	64802	4	8
2428					4
2429	4	0x008e	16674	2	8
2430					2
2431	4	0x008e	290	64	8
2432					64
2433	4	0x008e	16418	64	8
2434					64
2435	4	0x008e	32546	64	8
2436					64
2437	4	0x008e	48674	64	8
2438					64
2439	4	0x008e	64802	4	8
2440					4
2441	4	0x008e	16674	2	8
2442					2
2443	4	0x008e	290	64	8
2444					64
2445	4	0x008e	16418	64	8
2446					64
2447	4	0x008e	32546	64	8
2448					64
2449	4	0x008e	48674	64	8
2450					64
2451	4	0x008e	64802	4	8
2452					4
2453	4	0x008e	16674	2	8
2454					2
2455	4	0x008e	290	64	8
2456					64
2457	4	0x008e	16418	64	8
2458					64
2459	4	0x008e	32546	64	8
2460					64
2461	4	0x008e	48674	64	8
2462					64
2463	4	0x008e	64802	4	8
2464					4
2465	4	0x008e	16674	2	8
2466					2
2467	4	0x008e	290	64	8
2468					64
2469	4	0x008e	16418	64	8
2470					64
2471	4	0x008e	32546	64	8
2472					64
2473	4	0x008e	48674	64	8
2474					64
2475	4	0x008e	64802	4	8
2476					4
2477	4	0x008e	16674	2	8
2478					2
2479	4	0x008e	290	64	8
2480					64
2481	4	0x008e	16418	64	8
2482					64
2483	4	0x008e	32546	64	8
2484					64
2485	4	0x008e	48674	64	8
2486					64
2487	4	0x008e	64802	4	8
2488					4
2489	4	0x008e	16674	2	8
2490					2
2491	4	0x008e	290	64	8
2492					64
2493	4	0x008e	16418	64	8
2494					64
2495	4	0x008e	32546	64	8
2496					64
2497	4	0x008e	48674	64	8
2498					64
2499	4	0x008e	64802	4	8
2500					4
2501	4	0x008e	16674	2	8
2502					2
2503	4	0x008e	290	64	8
2504					64
2505	4	0x008e	16418	64	8
2506					64
2507	4	0x008e	32546	64	8
2508					64
2509	4	0x008e	48674	64	8
2510					64
2511	4	0x008e	64802	4	8
2512					4
2513	4	0x008e	16674	2	8
2514					2
2515	4	0x008e	290	64	8
2516					64
2517	4	0x008e	16418	64	8
2518					64
2519	4	0x008e	32546	64	8
2520					64
2521	4	0x008e	48674	64	8
2522					64
2523	4	0x008e	64802	4	8
2524					4
2525	4	0x008e	16674	2	8
2526					2
2527	4	0x008e	290	64	8
2528					64
2529	4	0x008e	16418	64	8
2530					64
2531	4	0x008e	32546	64	8
2532					64
2533	4	0x008e	48674	64	8
2534					64
2535	4	0x008e	64802	4	8
2536					4
2537	4	0x008e	16674	2	8
2538					2
2539	4	0x008e	290	64	8
2540					64
2541	4	0x008e	16418	64	8
2542					64
2543	4	0x008e	32546	64	8
2544					64
2545	4	0x008e	48674	64	8
2546					64
2547	4	0x008e	64802	4	8
2548					4
2549	4	0x008e	16674	2	8
2550					2
2551	4	0x008e	290	64	8
2552					64
2553	4	0x008e	16418	64	8
2554					64
2555	4	0x008e	32546	64	8
2556					64
2557	4	0x008e	48674	64	8
2558					64
2559	4	0x008e	64802	4	8
2560					4
2561	4	0x008e	16674	2	8
2562					2
2563	4	0x008e	290	64	8
2564					64
2565	4	0x008e	16418	64	8
2566					64
2567	4	0x008e	32546	64	8
2568					64
2569	4	0x008e	48674	64	8
2570					64
2571	4	0x008e	64802	4	8
2572					4
2573	4	0x008e	16674	2	8
2574					2
2575	4	0x008e	290	64	8
2576					64
2577	4	0x008e	16418	64	8
2578					64
2579	4	0x008e	32546	64	8
2580					64
2581	4	0x008e	48674	64	8
2582					64
2583	4	0x008e	64802	4	8
2584					4
2585	4	0x008e	16674	2	8
2586					2
2587	4	0x008e	290	64	8
2588					64
2589	4	0x008e	16418	64	8
2590					64
2591	4	0x008e	32546	64	8
2592					64
2593	4	0x008e	48674	64	8
2594					64
2595	4	0x008e	64802	4	8
2596					4
2597	4	0x008e	16674	2	8
2598					2
2599	4	0x008e	290	64	8
2600					64
2601	4	0x008e	16418	64	8
2602					64
2603	4	0x008e	32546	64	8
2604					64
2605	4	0x008e	48674	64	8
2606					64
2607	4	0x008e	64802	4	8
2608					4
2609	4	0x008e	16674	2	8
2610					2
2611	4	0x008e	290	64	8
2612					64
2613	4	0x008e	16418	64	8
2614					64
2615	4	0x008e	32546	64	8
2616					64
2617	4	0x008e	48674	64	8
2618					64
2619	4	0x008e	64802	4	8
2620					4
2621	4	0x008e	16674	2	8
2622					2
2623	4	0x008e	290	64	8
2624					64
2625	4	0x008e	16418	64	8
2626					64
2627	4	0x008e	32546	64	8
2628					64
2629	4	0x008e	48674	64	8
2630					64
2631	4	0x008e	64802	4	8
2632					4
2633	4	0x008e	16674	2	8
2634					2
2635	4	0x008e	290	64	8
2636					64
2637	4	0x008e	16418	64	8
2638					64
2639	4	0x008e	32546	64	8
2640					64
2641	4	0x008e	48674	64	8
2642					64
2643	4	0x008e	64802	4	8
2644					4
2645	4	0x008e	16674	2	8
2646					2
2647	4	0x008e	290	64	8
2648					64
2649	4	0x008e	16418	64	8
2650					64
2651	4	0x008e	32546	64	8
2652					64
2653	4	0x008e	48674	64	8
2654					64
2655	4	0x008e	64802	4	8
2656					4
2657	4	0x008e	16674	2	8
2658					2
2659	4	0x008e	290	64	8
2660					64
2661	4	0x008e	16418	64	8
2662					64
2663	4	0x008e	32546	64	8
2664					64
2665	4	0x008e	48674	64	8
2666					64
2667	4	0x008e	64802	4	8
2668					4
2669	4	0x008e	16674	2	8
2670					2
2671	4	0x008e	290	64	8
2672					64
2673	4	0x008e	16418	64	8
2674					64
2675	4	0x008e	32546	64	8
2676					64
2677	4	0x008e	48674	64	8
2678					64
2679	4	0x008e	64802	4	8
2680					4
2681	4	0x008e	16674	2	8
2682					2
2683	4	0x008e	290	64	8
2684					64
2685	4	0x008e	16418	64	8
2686					64
2687	4	0x008e	32546	64	8
2688					64
2689	4	0x008e	48674	64	8
2690					64
2691	4	0x008e	64802	4	8
2692					4
2693	4	0x008e	16674	2	8
2694					2
2695	4	0x008e	290	64	8
2696					64
2697	4	0x008e	16418	64	8
2698					64
2699	4	0x008e	32546	64	8
2700					64
2701	4	0x008e	48674	64	8
2702					64
2703	4	0x008e	64802	4	8
2704					4
2705	4	0x008e	16674	2	8
2706					2
2707	4	0x008e	290	64	8
2708					64
2709	4	0x008e	16418	64	8
2710					64
2711	4	0x008e	32546	64	8
2712					64
2713	4	0x008e	48674	64	8
2714					64
2715	4	0x008e	64802	4	8
2716					4
2717	4	0x008e	16674	2	8
2718					2
2719	4	0x008e	290	64	8
2720					64
2721	4	0x008e	16418	64	8
2722					64
2723	4	0x008e	32546	64	8
2724					64
2725	4	0x008e	48674	64	8
2726					64
2727	4	0x008e	64802	4	8
2728					4
2729	4	0x008e	16674	2	8
2730					2
2731	4	0x008e	290	64	8
2732					64
2733	4	0x008e	16418	64	8
2734					64
2735	4	0x008e	32546	64	8
2736					64
2737	4	0x008e	48674	64	8
2738					64
2739	4	0x008e	64802	4	8
2740					4
2741	4	0x008e	16674	2	8
2742					2
2743	4	0x008e	290	64	8
2744					64
2745	4	0x008e	16418	64	8
2746					64
2747	4	0x008e	32546	64	8
2748					64
2749	4	0x008e	48674	64	8
2750					64
2751	4	0x008e	64802	4	8
2752					4
2753	4	0x008e	16674	2	8
2754					2
2755	4	0x008e	290	64	8
2756					64
2757	4	0x008e	16418	64	8
2758					64
2759	4	0x008e	32546	64	8
2760					64
2761	4	0x008e	48674	64	8
2762					64
2763	4	0x008e	64802	4	8
2764					4
2765	4	0x008e	16674	2	8
2766					2
2767	4	0x008e	290	64	8
2768					64
2769	4	0x008e	16418	64	8
2770					64
2771	4	0x008e	32546	64	8
2772					64
2773	4	0x008e	48674	64	8
2774					64
2775	4	0x008e	64802	4	8
2776					4
2777	4	0x008e	16674	2	8
2778					2
2779	4	0x008e	290	64	8
2780					64
2781	4	0x008e	16418	64	8
2782					64
2783	4	0x008e	32546	64	8
2784					64
2785	4	0x008e	48674	64	8
2786					64
2787	4	0x008e	64802	4	8
2788					4
2789	4	0x008e	16674	2	8
2790					2
2791	4	0x008e	290	64	8
2792					64
2793	4	0x008e	16418	64	8
2794					64
2795	4	0x008e	32546	64	8
2796					64
2797	4	0x008e	48674	64	8
2798					64
2799	4	0x008e	64802	4	8
2800					4
2801	4	0x008e	16674	2	8
2802					2
2803	4	0x008e	290	64	8
2804					64
2805	4	0x008e	16418	64	8
2806					64
2807	4	0x008e	32546	64	8
2808					64
2809	4	0x008e	48674	64	8
2810					64
2811	4	0x008e	64802	4	8
2812					4
2813	4	0x008e	16674	2	8
2814					2
2815	4	0x008e	290	64	8
2816					64
2817	4	0x008e	16418	64	8
2818					64
2819	4	0x008e	32546	64	8
2820					64
2821	4	0x008e	48674	64	8
2822					64
2823	4	0x008e	64802	4	8
2824					4
2825	4	0x008e	16674	2	8
2826					2
2827	4	0x0082	0	8	16
2828					0
2831	4	0x0083	0	2	10
2832					0
2833	4	0x0083	0	2	10
2834					0
2835	4	0x0083	0	6	14
2836					0
2837	4	0x0083	0	2	10
2838					0
2839	4	0x008e	16674	2	8
2840					2
2841	4	0x008e	18466	4	8
2842					4
2843	4	0x0083	0	2	10
2844					0
2845	4	0x0083	0	2	10
2846					0
2847	4	0x008e	290	64	8
2848					64
2849	4	0x008e	16418	64	8
2850					64
2851	4	0x008e	32546	64	8
2852					64
2853	4	0x008e	48674	64	8
2854					64
2855	4	0x008e	64802	4	8
2856					4
2857	4	0x008e	16674	2	8
2858					2
2859	4	0x008e	19234	4	8
2860					4
2861	4	0x008e	290	64	8
2864					64
2865	4	0x008e	16418	64	8
2866					64
2867	4	0x008e	32546	64	8
2868					64
2869	4	0x008e	48674	64	8
2870					64
2871	4	0x008e	64802	4	8
2872					4
2873	4	0x008e	16674	2	8
2874					2
2875	4	0x0083	0	2	10
2876					0
2877	4	0x0083	0	2	10
2878					0
2879	4	0x0083	0	2	10
2880					0
2881	4	0x0083	0	2	10
2882					0
2883	4	0x0083	0	2	10
2884					0
2885	4	0x0083	0	2	10
2886					0
2887	4	0x0083	0	2	10
2888					0
2893	4	0x008e	290	64	8
2894					64
2895	4	0x008e	16418	64	8
2896					64
2897	4	0x008e	32546	64	8
2898					64
2899	4	0x008e	48674	64	8
2900					64
2901	4	0x008e	64802	4	8
2902					4
2903	4	0x0083	0	2	10
2904					0
2905	12	0x008c	16	1	9
2906					0
2907	12	0x008c	19	1	9
2910					0
2911	4	0x0083	0	64	72
2912					0
2913	4	0x0083	0	64	72
2914					0
2915	4	0x0083	0	64	72
2916					0
2917	4	0x0083	0	8	16
2918					0
2919	4	0x0083	0	54	62
2920					0
2921	4	0x0084	57862	4	8
2922					4
2923	4	0x008e	290	64	8
2924					64
2925	4	0x008e	16418	64	8
2926					64
2927	4	0x008e	32546	64	8
2928					64
2929	4	0x008e	48674	64	8
2930					64
2931	4	0x008e	64802	4	8
2932					4
2933	4	0x008e	16674	2	8
2934					2
2935	4	0x008e	2594	2	8
2938					2
2939	4	0x0083	0	2	10
2940					0
2941	4	0x008e	16418	2	8
2942					2
2943	4	0x0083	0	2	10
2944					0
2945	4	0x0083	0	2	10
2946					0
2947	4	0x0083	0	2	10
2948					0
2949	4	0x0083	0	2	10
2950					0
2951	4	0x0083	0	2	10
2952					0
