7	6			18	8
8					18
9	6			39	8
10					39
11	9		0	0	8
12					0
153	4	0x008e	290	64	8
154					64
155	4	0x008e	16418	64	8
156					64
157	4	0x008e	32546	64	8
158					64
159	4	0x008e	48674	64	8
160					64
161	4	0x008e	64802	4	8
162					4
163	4	0x0083	0	2	10
164					0
165	12	0x008c	16	1	9
166					0
167	12	0x008c	19	1	9
168					0
169	4	0x0083	0	64	72
170					0
171	4	0x0083	0	64	72
172					0
173	4	0x0083	0	64	72
174					0
175	4	0x0083	0	8	16
176					0
177	4	0x0083	0	54	62
178					0
179	4	0x0084	57862	4	8
180					4
181	4	0x008e	290	64	8
182					64
183	4	0x008e	16418	64	8
184					64
185	4	0x008e	32546	64	8
186					64
187	4	0x008e	48674	64	8
188					64
189	4	0x008e	64802	4	8
190					4
191	4	0x008e	16674	2	8
192					2
193	4	0x008e	2594	2	8
194					2
195	4	0x0083	0	2	10
196					0
197	4	0x008e	16418	2	8
198					2
199	4	0x0083	0	2	10
200					0
201	4	0x0083	0	2	10
202					0
203	4	0x0083	0	2	10
204					0
205	4	0x0083	0	2	10
206					0
207	4	0x0083	0	2	10
208					0
209	4	0x008e	290	64	8
210					64
211	4	0x008e	16418	64	8
212					64
213	4	0x008e	32546	64	8
214					64
215	4	0x008e	48674	64	8
216					64
217	4	0x008e	64802	4	8
218					4
219	4	0x0083	0	2	10
220					0
221	12	0x008c	16	1	9
222					0
223	12	0x008c	19	1	9
224					0
225	4	0x0083	0	64	72
226					0
227	4	0x0083	0	64	72
228					0
229	4	0x0083	0	64	72
230					0
231	4	0x0083	0	8	16
232					0
233	4	0x0083	0	54	62
234					0
235	4	0x0084	57862	4	8
236					4
237	4	0x008e	290	64	8
238					64
239	4	0x008e	16418	64	8
240					64
241	4	0x008e	32546	64	8
242					64
243	4	0x008e	48674	64	8
244					64
245	4	0x008e	64802	4	8
246					4
247	4	0x008e	16674	2	8
248					2
249	4	0x008e	2594	2	8
250					2
251	4	0x0083	0	2	10
252					0
253	4	0x008e	16418	2	8
254					2
255	4	0x0083	0	2	10
256					0
257	4	0x0083	0	2	10
258					0
259	4	0x0083	0	2	10
260					0
261	4	0x0083	0	2	10
262					0
263	4	0x0083	0	2	10
264					0
265	4	0x008e	290	64	8
266					64
267	4	0x008e	16418	64	8
268					64
269	4	0x008e	32546	64	8
270					64
271	4	0x008e	48674	64	8
272					64
273	4	0x008e	64802	4	8
274					4
275	4	0x0083	0	2	10
276					0
277	12	0x008c	16	1	9
278					0
279	12	0x008c	19	1	9
280					0
281	4	0x0083	0	64	72
282					0
283	4	0x0083	0	64	72
284					0
285	4	0x0083	0	64	72
286					0
287	4	0x0083	0	8	16
288					0
289	4	0x0083	0	54	62
290					0
291	4	0x0084	57862	4	8
292					4
293	4	0x008e	290	64	8
294					64
295	4	0x008e	16418	64	8
296					64
297	4	0x008e	32546	64	8
298					64
299	4	0x008e	48674	64	8
300					64
301	4	0x008e	64802	4	8
302					4
303	4	0x008e	16674	2	8
304					2
305	4	0x008e	2594	2	8
306					2
307	4	0x0083	0	2	10
308					0
309	4	0x008e	16418	2	8
310					2
311	4	0x008e	290	64	8
312					64
313	4	0x008e	16418	64	8
314					64
315	4	0x008e	32546	64	8
316					64
317	4	0x008e	48674	64	8
318					64
319	4	0x008e	64802	4	8
320					4
321	4	0x008e	16674	2	8
322					2
323	12	0x008e	11	1	8
324					1
325	4	0x0083	0	64	72
326					0
327	4	0x0083	0	64	72
328					0
329	4	0x0083	0	64	72
330					0
331	4	0x0083	0	8	16
332					0
333	4	0x0083	0	54	62
334					0
335	4	0x0083	0	54	62
336					0
337	4	0x0083	0	2	10
338					0
339	12	0x008c	16	1	9
340					0
341	12	0x008c	19	1	9
342					0
343	4	0x008e	290	64	8
344					64
345	4	0x008e	16418	64	8
346					64
347	4	0x008e	32546	64	8
348					64
349	4	0x008e	48674	64	8
350					64
351	4	0x008e	64802	4	8
352					4
353	4	0x0083	0	2	10
354					0
355	4	0x0083	0	2	10
356					0
357	4	0x0083	0	2	10
358					0
359	4	0x0083	0	4	12
360					0
361	4	0x0083	0	4	12
362					0
363	4	0x0083	0	4	12
364					0
365	4	0x0083	0	4	12
366					0
367	4	0x0083	0	4	12
368					0
369	4	0x0083	0	4	12
370					0
371	4	0x0083	0	4	12
372					0
373	4	0x0083	0	4	12
374					0
375	4	0x0083	0	4	12
376					0
377	4	0x0083	0	4	12
378					0
379	4	0x0083	0	4	12
380					0
381	4	0x0083	0	4	12
382					0
383	4	0x0083	0	2	10
384					0
385	4	0x008e	290	64	8
386					64
387	4	0x008e	16418	64	8
388					64
389	4	0x008e	32546	64	8
390					64
391	4	0x008e	48674	64	8
392					64
393	4	0x008e	64802	4	8
394					4
395	4	0x008e	16674	2	8
396					2
397	4	0x008e	290	64	8
398					64
399	4	0x008e	16418	64	8
400					64
401	4	0x008e	32546	64	8
402					64
403	4	0x008e	48674	64	8
404					64
405	4	0x008e	64802	4	8
406					4
407	4	0x008e	16674	2	8
408					2
409	4	0x008e	290	64	8
410					64
411	4	0x008e	16418	64	8
412					64
413	4	0x008e	32546	64	8
414					64
415	4	0x008e	48674	64	8
416					64
417	4	0x008e	64802	4	8
418					4
419	4	0x008e	16674	2	8
420					2
421	4	0x0084	57952	16	8
422					16
423	4	0x0083	0	64	72
424					0
425	4	0x0083	0	64	72
426					0
427	4	0x0083	0	64	72
428					0
429	4	0x0083	0	8	16
430					0
431	4	0x0083	0	54	62
432					0
433	4	0x0083	0	54	62
434					0
435	4	0x0083	0	2	10
436					0
437	12	0x008c	16	1	9
438					0
439	12	0x008c	19	1	9
440					0
441	4	0x008e	290	64	8
442					64
443	4	0x008e	16418	64	8
444					64
445	4	0x008e	32546	64	8
446					64
447	4	0x008e	48674	64	8
448					64
449	4	0x008e	64802	4	8
450					4
451	4	0x0083	0	2	10
452					0
453	4	0x0083	0	2	10
454					0
455	4	0x0083	0	2	10
456					0
457	4	0x0083	0	4	12
458					0
459	4	0x0083	0	4	12
460					0
461	4	0x0083	0	4	12
462					0
463	4	0x0083	0	4	12
464					0
465	4	0x0083	0	4	12
466					0
467	4	0x0083	0	4	12
468					0
469	4	0x0083	0	4	12
470					0
471	4	0x0083	0	4	12
472					0
473	4	0x0083	0	4	12
474					0
475	4	0x0083	0	4	12
476					0
477	4	0x0083	0	4	12
478					0
479	4	0x0083	0	4	12
480					0
481	4	0x0083	0	2	10
482					0
483	4	0x0083	0	2	10
484					0
485	4	0x0083	0	2	10
486					0
487	4	0x0083	0	36	44
488					0
489	4	0x0083	0	2	10
490					0
491	4	0x0083	0	2	10
492					0
493	4	0x0083	0	2	10
494					0
495	4	0x0083	0	4	12
496					0
497	4	0x0083	0	4	12
498					0
499	4	0x0083	0	4	12
500					0
501	4	0x0083	0	4	12
502					0
503	4	0x0083	0	4	12
504					0
505	4	0x0083	0	4	12
506					0
507	4	0x0083	0	4	12
508					0
509	4	0x0083	0	4	12
510					0
511	4	0x0083	0	4	12
512					0
513	4	0x0083	0	4	12
514					0
515	4	0x0083	0	4	12
516					0
517	4	0x0083	0	4	12
518					0
519	4	0x0083	0	2	10
520					0
521	4	0x0083	0	2	10
522					0
523	4	0x0083	0	2	10
524					0
525	4	0x0083	0	2	10
526					0
527	4	0x0084	57968	16	8
528					16
529	4	0x0084	57952	16	8
530					16
531	4	0x0083	0	36	44
532					0
533	4	0x0082	1	8	16
534					0
537	4	0x0082	1	8	16
538					0
541	4	0x0082	1	8	16
542					0
545	4	0x0083	0	2	10
546					0
547	4	0x0083	0	2	10
548					0
549	4	0x0083	0	2	10
550					0
551	4	0x0083	0	2	10
552					0
553	4	0x0083	0	2	10
554					0
555	4	0x0083	0	2	10
556					0
557	4	0x0083	0	2	10
558					0
559	4	0x0083	0	2	10
560					0
561	4	0x008e	290	64	8
562					64
563	4	0x008e	16418	64	8
564					64
565	4	0x008e	32546	64	8
566					64
567	4	0x008e	48674	64	8
568					64
569	4	0x008e	64802	4	8
570					4
571	4	0x008e	16674	2	8
572					2
573	4	0x0083	0	2	10
574					0
575	4	0x0083	0	2	10
576					0
577	4	0x0083	0	2	10
578					0
579	4	0x008e	290	64	8
580					64
581	4	0x008e	16418	64	8
582					64
583	4	0x008e	32546	64	8
584					64
585	4	0x008e	48674	64	8
586					64
587	4	0x008e	64802	4	8
588					4
589	4	0x008e	16674	2	8
590					2
591	4	0x0083	0	2	10
592					0
593	4	0x0083	0	2	10
594					0
595	4	0x0083	0	2	10
596					0
597	4	0x0083	0	2	10
598					0
599	4	0x0083	0	2	10
600					0
601	4	0x0083	0	2	10
602					0
603	4	0x0083	0	2	10
604					0
605	4	0x0082	1	8	16
606					0
609	4	0x0082	1	8	16
610					0
613	4	0x0082	1	8	16
614					0
617	4	0x008e	16674	2	8
618					2
619	12	0x008e	28	1	8
620					1
621	4	0x008e	18466	4	8
622					4
623	4	0x0083	0	40	48
624					0
625	4	0x0083	0	10	18
626					0
627	4	0x0083	0	2	10
628					0
629	4	0x0083	0	2	10
630					0
631	4	0x0082	1	8	16
632					0
635	4	0x0082	1	8	16
636					0
639	4	0x0083	0	6	14
640					0
641	4	0x0083	0	4	12
642					0
643	4	0x0083	0	4	12
644					0
645	4	0x0083	0	4	12
646					0
647	4	0x0083	0	2	10
648					0
649	4	0x0083	0	2	10
650					0
651	4	0x0083	0	2	10
652					0
653	4	0x0083	0	2	10
654					0
655	4	0x0083	0	2	10
656					0
657	4	0x0082	1	8	16
658					0
661	4	0x0083	0	46	54
662					0
663	4	0x0083	0	2	10
664					0
665	4	0x0083	0	2	10
666					0
667	4	0x008e	16418	3	8
668					3
669	4	0x0083	0	2	10
670					0
671	4	0x0083	0	16	24
672					0
673	4	0x0083	0	2	10
674					0
675	4	0x0083	0	2	10
676					0
677	4	0x0083	0	2	10
678					0
679	4	0x0083	0	2	10
680					0
681	4	0x0083	0	2	10
682					0
683	4	0x0083	0	2	10
684					0
685	4	0x0083	0	2	10
686					0
687	4	0x0083	0	2	10
688					0
689	4	0x008e	290	64	8
690					64
691	4	0x008e	16418	64	8
692					64
693	4	0x008e	32546	64	8
694					64
695	4	0x008e	48674	64	8
696					64
697	4	0x008e	64802	4	8
698					4
699	4	0x008e	16674	2	8
700					2
701	4	0x008e	16418	3	8
702					3
703	4	0x008e	16930	4	8
704					4
705	4	0x0082	0	8	16
706					0
711	4	0x008e	16418	2	8
712					2
713	4	0x008e	290	64	8
714					64
715	4	0x008e	16418	64	8
716					64
717	4	0x008e	32546	64	8
718					64
719	4	0x008e	48674	64	8
720					64
721	4	0x008e	64802	4	8
722					4
723	4	0x008e	16674	2	8
724					2
725	4	0x0082	0	8	16
726					0
731	4	0x008e	16418	2	8
732					2
733	4	0x008e	290	64	8
734					64
735	4	0x008e	16418	64	8
736					64
737	4	0x008e	32546	64	8
738					64
739	4	0x008e	48674	64	8
740					64
741	4	0x008e	64802	4	8
742					4
743	4	0x008e	16674	2	8
744					2
745	4	0x0082	0	8	16
746					0
751	4	0x008e	16418	2	8
752					2
753	4	0x008e	290	64	8
754					64
755	4	0x008e	16418	64	8
756					64
757	4	0x008e	32546	64	8
758					64
759	4	0x008e	48674	64	8
760					64
761	4	0x008e	64802	4	8
762					4
763	4	0x008e	16674	2	8
764					2
765	4	0x0082	0	8	16
766					0
771	4	0x008e	16418	2	8
772					2
773	4	0x008e	290	64	8
774					64
775	4	0x008e	16418	64	8
776					64
777	4	0x008e	32546	64	8
778					64
779	4	0x008e	48674	64	8
780					64
781	4	0x008e	64802	4	8
782					4
783	4	0x008e	16674	2	8
784					2
785	4	0x0082	0	8	16
786					0
791	4	0x008e	16418	2	8
792					2
793	4	0x008e	290	64	8
794					64
795	4	0x008e	16418	64	8
796					64
797	4	0x008e	32546	64	8
798					64
799	4	0x008e	48674	64	8
800					64
801	4	0x008e	64802	4	8
802					4
803	4	0x008e	16674	2	8
804					2
805	4	0x0082	0	8	16
806					0
811	4	0x008e	16418	2	8
812					2
813	4	0x008e	290	64	8
814					64
815	4	0x008e	16418	64	8
816					64
817	4	0x008e	32546	64	8
818					64
819	4	0x008e	48674	64	8
820					64
821	4	0x008e	64802	4	8
822					4
823	4	0x008e	16674	2	8
824					2
825	4	0x0082	0	8	16
826					0
831	4	0x008e	16418	2	8
832					2
833	4	0x008e	290	64	8
834					64
835	4	0x008e	16418	64	8
836					64
837	4	0x008e	32546	64	8
838					64
839	4	0x008e	48674	64	8
840					64
841	4	0x008e	64802	4	8
842					4
843	4	0x008e	16674	2	8
844					2
845	4	0x0082	0	8	16
846					0
851	4	0x008e	16418	2	8
852					2
853	4	0x008e	290	64	8
854					64
855	4	0x008e	16418	64	8
856					64
857	4	0x008e	32546	64	8
858					64
859	4	0x008e	48674	64	8
860					64
861	4	0x008e	64802	4	8
862					4
863	4	0x008e	16674	2	8
864					2
865	4	0x0082	0	8	16
866					0
871	4	0x008e	16418	2	8
872					2
873	4	0x008e	290	64	8
874					64
875	4	0x008e	16418	64	8
876					64
877	4	0x008e	32546	64	8
878					64
879	4	0x008e	48674	64	8
880					64
881	4	0x008e	64802	4	8
882					4
883	4	0x008e	16674	2	8
884					2
885	4	0x0082	0	8	16
886					0
891	4	0x008e	16418	2	8
892					2
893	4	0x008e	290	64	8
894					64
895	4	0x008e	16418	64	8
896					64
897	4	0x008e	32546	64	8
898					64
899	4	0x008e	48674	64	8
900					64
901	4	0x008e	64802	4	8
902					4
903	4	0x008e	16674	2	8
904					2
905	4	0x0082	0	8	16
906					0
911	4	0x008e	16418	2	8
912					2
913	4	0x008e	290	64	8
914					64
915	4	0x008e	16418	64	8
916					64
917	4	0x008e	32546	64	8
918					64
919	4	0x008e	48674	64	8
920					64
921	4	0x008e	64802	4	8
922					4
923	4	0x008e	16674	2	8
924					2
925	4	0x0082	0	8	16
926					0
931	4	0x008e	16418	2	8
932					2
933	4	0x008e	290	64	8
934					64
935	4	0x008e	16418	64	8
936					64
937	4	0x008e	32546	64	8
938					64
939	4	0x008e	48674	64	8
940					64
941	4	0x008e	64802	4	8
942					4
943	4	0x008e	16674	2	8
944					2
945	4	0x0082	0	8	16
946					0
951	4	0x008e	16418	2	8
952					2
953	4	0x008e	290	64	8
954					64
955	4	0x008e	16418	64	8
956					64
957	4	0x008e	32546	64	8
958					64
959	4	0x008e	48674	64	8
960					64
961	4	0x008e	64802	4	8
962					4
963	4	0x008e	16674	2	8
964					2
965	4	0x0082	0	8	16
966					0
971	4	0x008e	16418	2	8
972					2
973	4	0x008e	290	64	8
974					64
975	4	0x008e	16418	64	8
976					64
977	4	0x008e	32546	64	8
978					64
979	4	0x008e	48674	64	8
980					64
981	4	0x008e	64802	4	8
982					4
983	4	0x008e	16674	2	8
984					2
985	4	0x0082	0	8	16
986					0
991	4	0x008e	16418	2	8
992					2
993	4	0x008e	290	64	8
994					64
995	4	0x008e	16418	64	8
996					64
997	4	0x008e	32546	64	8
998					64
999	4	0x008e	48674	64	8
1000					64
1001	4	0x008e	64802	4	8
1002					4
1003	4	0x008e	16674	2	8
1004					2
1005	4	0x0082	0	8	16
1006					0
1011	4	0x008e	16418	2	8
1012					2
1013	4	0x008e	290	64	8
1014					64
1015	4	0x008e	16418	64	8
1016					64
1017	4	0x008e	32546	64	8
1018					64
1019	4	0x008e	48674	64	8
1020					64
1021	4	0x008e	64802	4	8
1022					4
1023	4	0x008e	16674	2	8
1024					2
1025	4	0x0082	0	8	16
1026					0
1031	4	0x008e	16418	2	8
1032					2
1033	4	0x008e	290	64	8
1034					64
1035	4	0x008e	16418	64	8
1036					64
1037	4	0x008e	32546	64	8
1038					64
1039	4	0x008e	48674	64	8
1040					64
1041	4	0x008e	64802	4	8
1042					4
1043	4	0x008e	16674	2	8
1044					2
1045	4	0x0082	0	8	16
1046					0
1053	4	0x008e	16418	2	8
1054					2
1055	4	0x008e	290	64	8
1056					64
1057	4	0x008e	16418	64	8
1058					64
1059	4	0x008e	32546	64	8
1060					64
1061	4	0x008e	48674	64	8
1062					64
1063	4	0x008e	64802	4	8
1064					4
1065	4	0x008e	16674	2	8
1066					2
1067	4	0x0082	0	8	16
1068					0
1077	4	0x008e	16418	2	8
1078					2
1079	4	0x008e	290	64	8
1080					64
1081	4	0x008e	16418	64	8
1082					64
1083	4	0x008e	32546	64	8
1084					64
1085	4	0x008e	48674	64	8
1086					64
1087	4	0x008e	64802	4	8
1088					4
1089	4	0x008e	16674	2	8
1090					2
1091	4	0x0082	0	8	16
1092					0
1099	4	0x008e	16418	2	8
1100					2
1101	4	0x008e	290	64	8
1102					64
1103	4	0x008e	16418	64	8
1104					64
1105	4	0x008e	32546	64	8
1106					64
1107	4	0x008e	48674	64	8
1108					64
1109	4	0x008e	64802	4	8
1110					4
1111	4	0x008e	16674	2	8
1112					2
1113	4	0x0082	0	8	16
1114					0
1119	4	0x008e	16418	2	8
1120					2
1121	4	0x008e	290	64	8
1122					64
1123	4	0x008e	16418	64	8
1124					64
1125	4	0x008e	32546	64	8
1126					64
1127	4	0x008e	48674	64	8
1128					64
1129	4	0x008e	64802	4	8
1130					4
1131	4	0x008e	16674	2	8
1132					2
1133	4	0x0082	0	8	16
1134					0
1139	4	0x008e	16418	2	8
1140					2
1141	4	0x008e	290	64	8
1142					64
1143	4	0x008e	16418	64	8
1144					64
1145	4	0x008e	32546	64	8
1146					64
1147	4	0x008e	48674	64	8
1148					64
1149	4	0x008e	64802	4	8
1150					4
1151	4	0x008e	16674	2	8
1152					2
1153	4	0x0082	0	8	16
1154					0
1159	4	0x008e	16418	2	8
1160					2
1161	4	0x008e	290	64	8
1162					64
1163	4	0x008e	16418	64	8
1164					64
1165	4	0x008e	32546	64	8
1166					64
1167	4	0x008e	48674	64	8
1168					64
1169	4	0x008e	64802	4	8
1170					4
1171	4	0x008e	16674	2	8
1172					2
1173	4	0x0082	0	8	16
1174					0
1179	4	0x008e	16418	2	8
1180					2
1181	4	0x008e	290	64	8
1182					64
1183	4	0x008e	16418	64	8
1184					64
1185	4	0x008e	32546	64	8
1186					64
1187	4	0x008e	48674	64	8
1188					64
1189	4	0x008e	64802	4	8
1190					4
1191	4	0x008e	16674	2	8
1192					2
1193	4	0x0082	0	8	16
1194					0
1199	4	0x008e	16418	2	8
1200					2
1201	4	0x008e	290	64	8
1202					64
1203	4	0x008e	16418	64	8
1204					64
1205	4	0x008e	32546	64	8
1206					64
1207	4	0x008e	48674	64	8
1208					64
1209	4	0x008e	64802	4	8
1210					4
1211	4	0x008e	16674	2	8
1212					2
1213	4	0x0082	0	8	16
1214					0
1219	4	0x008e	16418	2	8
1220					2
1221	4	0x008e	290	64	8
1222					64
1223	4	0x008e	16418	64	8
1224					64
1225	4	0x008e	32546	64	8
1226					64
1227	4	0x008e	48674	64	8
1228					64
1229	4	0x008e	64802	4	8
1230					4
1231	4	0x008e	16674	2	8
1232					2
1233	4	0x0082	0	8	16
1234					0
1239	4	0x008e	16418	2	8
1240					2
1241	4	0x008e	290	64	8
1242					64
1243	4	0x008e	16418	64	8
1244					64
1245	4	0x008e	32546	64	8
1246					64
1247	4	0x008e	48674	64	8
1248					64
1249	4	0x008e	64802	4	8
1250					4
1251	4	0x008e	16674	2	8
1252					2
1253	4	0x0082	0	8	16
1254					0
1259	4	0x008e	16418	2	8
1260					2
1261	4	0x008e	290	64	8
1262					64
1263	4	0x008e	16418	64	8
1264					64
1265	4	0x008e	32546	64	8
1266					64
1267	4	0x008e	48674	64	8
1268					64
1269	4	0x008e	64802	4	8
1270					4
1271	4	0x008e	16674	2	8
1272					2
1273	4	0x0082	0	8	16
1274					0
1279	4	0x008e	16418	2	8
1280					2
1281	4	0x008e	290	64	8
1282					64
1283	4	0x008e	16418	64	8
1284					64
1285	4	0x008e	32546	64	8
1286					64
1287	4	0x008e	48674	64	8
1288					64
1289	4	0x008e	64802	4	8
1290					4
1291	4	0x008e	16674	2	8
1292					2
1293	4	0x0082	0	8	16
1294					0
1299	4	0x008e	16418	2	8
1300					2
1301	4	0x008e	290	64	8
1302					64
1303	4	0x008e	16418	64	8
1304					64
1305	4	0x008e	32546	64	8
1306					64
1307	4	0x008e	48674	64	8
1308					64
1309	4	0x008e	64802	4	8
1310					4
1311	4	0x008e	16674	2	8
1312					2
1313	4	0x0082	0	8	16
1314					0
1321	4	0x008e	16418	2	8
1322					2
1323	4	0x008e	290	64	8
1324					64
1325	4	0x008e	16418	64	8
1326					64
1327	4	0x008e	32546	64	8
1328					64
1329	4	0x008e	48674	64	8
1330					64
1331	4	0x008e	64802	4	8
1332					4
1333	4	0x008e	16674	2	8
1334					2
1335	4	0x0082	0	8	16
1338					0
1343	4	0x008e	16418	2	8
1344					2
1345	4	0x008e	290	64	8
1346					64
1347	4	0x008e	16418	64	8
1350					64
1351	4	0x008e	32546	64	8
1352					64
1353	4	0x008e	48674	64	8
1354					64
1355	4	0x008e	64802	4	8
1356					4
1357	4	0x008e	16674	2	8
1358					2
1359	4	0x0082	0	8	16
1360					0
1365	4	0x008e	16418	2	8
1366					2
1367	4	0x008e	290	64	8
1368					64
1369	4	0x008e	16418	64	8
1370					64
1371	4	0x008e	32546	64	8
1372					64
1373	4	0x008e	48674	64	8
1374					64
1375	4	0x008e	64802	4	8
1376					4
1377	4	0x008e	16674	2	8
1378					2
1379	4	0x0082	0	8	16
1380					0
1385	4	0x008e	16418	2	8
1386					2
1387	4	0x008e	290	64	8
1388					64
1389	4	0x008e	16418	64	8
1390					64
1391	4	0x008e	32546	64	8
1392					64
1393	4	0x008e	48674	64	8
1394					64
1395	4	0x008e	64802	4	8
1396					4
1397	4	0x008e	16674	2	8
1398					2
1399	4	0x0082	0	8	16
1400					0
1405	4	0x008e	16418	2	8
1406					2
1407	4	0x008e	290	64	8
1408					64
1409	4	0x008e	16418	64	8
1410					64
1411	4	0x008e	32546	64	8
1412					64
1413	4	0x008e	48674	64	8
1414					64
1415	4	0x008e	64802	4	8
1416					4
1417	4	0x008e	16674	2	8
1418					2
1419	4	0x0082	0	8	16
1420					0
1425	4	0x008e	16418	2	8
1426					2
1427	4	0x008e	290	64	8
1428					64
1429	4	0x008e	16418	64	8
1430					64
1431	4	0x008e	32546	64	8
1432					64
1433	4	0x008e	48674	64	8
1434					64
1435	4	0x008e	64802	4	8
1436					4
1437	4	0x008e	16674	2	8
1438					2
1439	4	0x0082	0	8	16
1440					0
1445	4	0x008e	16418	2	8
1446					2
1447	4	0x008e	290	64	8
1448					64
1449	4	0x008e	16418	64	8
1450					64
1451	4	0x008e	32546	64	8
1452					64
1453	4	0x008e	48674	64	8
1454					64
1455	4	0x008e	64802	4	8
1458					4
1459	4	0x008e	16674	2	8
1460					2
1461	4	0x0082	0	8	16
1462					0
1467	4	0x008e	16418	2	8
1468					2
1469	4	0x008e	290	64	8
1472					64
1473	4	0x008e	16418	64	8
1474					64
1475	4	0x008e	32546	64	8
1476					64
1477	4	0x008e	48674	64	8
1478					64
1479	4	0x008e	64802	4	8
1480					4
1481	4	0x008e	16674	2	8
1482					2
1483	4	0x0082	0	8	16
1484					0
1489	4	0x008e	16418	2	8
1490					2
1491	4	0x008e	290	64	8
1492					64
1493	4	0x008e	16418	64	8
1494					64
1495	4	0x008e	32546	64	8
1496					64
1497	4	0x008e	48674	64	8
1498					64
1499	4	0x008e	64802	4	8
1500					4
1501	4	0x008e	16674	2	8
1502					2
1503	4	0x0082	0	8	16
1504					0
1509	4	0x008e	16418	2	8
1510					2
1511	4	0x008e	290	64	8
1512					64
1513	4	0x008e	16418	64	8
1514					64
1515	4	0x008e	32546	64	8
1516					64
1517	4	0x008e	48674	64	8
1518					64
1519	4	0x008e	64802	4	8
1520					4
1521	4	0x008e	16674	2	8
1522					2
1523	4	0x0082	0	8	16
1524					0
1529	4	0x008e	16418	2	8
1530					2
1531	4	0x008e	290	64	8
1532					64
1533	4	0x008e	16418	64	8
1534					64
1535	4	0x008e	32546	64	8
1536					64
1537	4	0x008e	48674	64	8
1538					64
1539	4	0x008e	64802	4	8
1540					4
1541	4	0x008e	16674	2	8
1542					2
1543	4	0x0082	0	8	16
1544					0
1549	4	0x008e	16418	2	8
1550					2
1551	4	0x008e	290	64	8
1552					64
1553	4	0x008e	16418	64	8
1554					64
1555	4	0x008e	32546	64	8
1556					64
1557	4	0x008e	48674	64	8
1558					64
1559	4	0x008e	64802	4	8
1560					4
1561	4	0x008e	16674	2	8
1562					2
1563	4	0x0082	0	8	16
1564					0
1569	4	0x008e	16418	2	8
1570					2
1571	4	0x008e	290	64	8
1572					64
1573	4	0x008e	16418	64	8
1574					64
1575	4	0x008e	32546	64	8
1576					64
1577	4	0x008e	48674	64	8
1578					64
1579	4	0x008e	64802	4	8
1580					4
1581	4	0x008e	16674	2	8
1582					2
1583	4	0x0082	0	8	16
1584					0
1589	4	0x008e	16418	2	8
1590					2
1591	4	0x008e	290	64	8
1592					64
1593	4	0x008e	16418	64	8
1594					64
1595	4	0x008e	32546	64	8
1596					64
1597	4	0x008e	48674	64	8
1598					64
1599	4	0x008e	64802	4	8
1600					4
1601	4	0x008e	16674	2	8
1602					2
1603	4	0x0082	0	8	16
1604					0
1609	4	0x008e	16418	2	8
1610					2
1611	4	0x008e	290	64	8
1612					64
1613	4	0x008e	16418	64	8
1614					64
1615	4	0x008e	32546	64	8
1616					64
1617	4	0x008e	48674	64	8
1618					64
1619	4	0x008e	64802	4	8
1620					4
1621	4	0x008e	16674	2	8
1622					2
1623	4	0x0082	0	8	16
1624					0
1629	4	0x008e	16418	2	8
1630					2
1631	4	0x008e	290	64	8
1632					64
1633	4	0x008e	16418	64	8
1634					64
1635	4	0x008e	32546	64	8
1636					64
1637	4	0x008e	48674	64	8
1638					64
1639	4	0x008e	64802	4	8
1640					4
1641	4	0x008e	16674	2	8
1642					2
1643	4	0x0082	0	8	16
1644					0
1649	4	0x008e	16418	2	8
1650					2
1651	4	0x008e	290	64	8
1652					64
1653	4	0x008e	16418	64	8
1654					64
1655	4	0x008e	32546	64	8
1656					64
1657	4	0x008e	48674	64	8
1658					64
1659	4	0x008e	64802	4	8
1660					4
1661	4	0x008e	16674	2	8
1662					2
1663	4	0x0082	0	8	16
1664					0
1669	4	0x008e	16418	2	8
1670					2
1671	4	0x008e	290	64	8
1672					64
1673	4	0x008e	16418	64	8
1674					64
1675	4	0x008e	32546	64	8
1676					64
1677	4	0x008e	48674	64	8
1678					64
1679	4	0x008e	64802	4	8
1680					4
1681	4	0x008e	16674	2	8
1682					2
1683	4	0x0082	0	8	16
1684					0
1689	4	0x008e	16418	2	8
1690					2
1691	4	0x008e	290	64	8
1692					64
1693	4	0x008e	16418	64	8
1694					64
1695	4	0x008e	32546	64	8
1696					64
1697	4	0x008e	48674	64	8
1698					64
1699	4	0x008e	64802	4	8
1700					4
1701	4	0x008e	16674	2	8
1702					2
1703	4	0x0082	0	8	16
1704					0
1709	4	0x008e	16418	2	8
1710					2
1711	4	0x008e	290	64	8
1712					64
1713	4	0x008e	16418	64	8
1714					64
1715	4	0x008e	32546	64	8
1716					64
1717	4	0x008e	48674	64	8
1718					64
1719	4	0x008e	64802	4	8
1720					4
1721	4	0x008e	16674	2	8
1722					2
1723	4	0x0082	0	8	16
1724					0
1729	4	0x008e	16418	2	8
1730					2
1731	4	0x008e	290	64	8
1732					64
1733	4	0x008e	16418	64	8
1734					64
1735	4	0x008e	32546	64	8
1736					64
1737	4	0x008e	48674	64	8
1738					64
1739	4	0x008e	64802	4	8
1740					4
1741	4	0x008e	16674	2	8
1742					2
1743	4	0x0082	0	8	16
1744					0
1749	4	0x008e	16418	2	8
1750					2
1751	4	0x008e	290	64	8
1752					64
1753	4	0x008e	16418	64	8
1754					64
1755	4	0x008e	32546	64	8
1756					64
1757	4	0x008e	48674	64	8
1758					64
1759	4	0x008e	64802	4	8
1760					4
1761	4	0x008e	16674	2	8
1762					2
1763	4	0x0082	0	8	16
1764					0
1769	4	0x008e	16418	2	8
1770					2
1771	4	0x008e	290	64	8
1772					64
1773	4	0x008e	16418	64	8
1774					64
1775	4	0x008e	32546	64	8
1776					64
1777	4	0x008e	48674	64	8
1778					64
1779	4	0x008e	64802	4	8
1780					4
1781	4	0x008e	16674	2	8
1782					2
1783	4	0x0082	0	8	16
1784					0
1789	4	0x008e	16418	2	8
1790					2
1791	4	0x008e	290	64	8
1792					64
1793	4	0x008e	16418	64	8
1794					64
1795	4	0x008e	32546	64	8
1796					64
1797	4	0x008e	48674	64	8
1798					64
1799	4	0x008e	64802	4	8
1800					4
1801	4	0x008e	16674	2	8
1802					2
1803	4	0x0082	0	8	16
1804					0
1809	4	0x008e	16418	2	8
1810					2
1811	4	0x008e	290	64	8
1812					64
1813	4	0x008e	16418	64	8
1814					64
1815	4	0x008e	32546	64	8
1816					64
1817	4	0x008e	48674	64	8
1818					64
1819	4	0x008e	64802	4	8
1820					4
1821	4	0x008e	16674	2	8
1822					2
1823	4	0x0082	0	8	16
1824					0
1829	4	0x008e	16418	2	8
1830					2
1831	4	0x008e	290	64	8
1832					64
1833	4	0x008e	16418	64	8
1834					64
1835	4	0x008e	32546	64	8
1836					64
1837	4	0x008e	48674	64	8
1838					64
1839	4	0x008e	64802	4	8
1840					4
1841	4	0x008e	16674	2	8
1842					2
1843	4	0x0082	0	8	16
1844					0
1849	4	0x008e	16418	2	8
1850					2
1851	4	0x008e	290	64	8
1852					64
1853	4	0x008e	16418	64	8
1854					64
1855	4	0x008e	32546	64	8
1856					64
1857	4	0x008e	48674	64	8
1858					64
1859	4	0x008e	64802	4	8
1860					4
1861	4	0x008e	16674	2	8
1862					2
1863	4	0x0082	0	8	16
1864					0
1869	4	0x008e	16418	2	8
1870					2
1871	4	0x008e	290	64	8
1872					64
1873	4	0x008e	16418	64	8
1874					64
1875	4	0x008e	32546	64	8
1876					64
1877	4	0x008e	48674	64	8
1878					64
1879	4	0x008e	64802	4	8
1880					4
1881	4	0x008e	16674	2	8
1882					2
1883	4	0x0082	0	8	16
1884					0
1889	4	0x008e	16418	2	8
1890					2
1891	4	0x008e	290	64	8
1892					64
1893	4	0x008e	16418	64	8
1894					64
1895	4	0x008e	32546	64	8
1896					64
1897	4	0x008e	48674	64	8
1898					64
1899	4	0x008e	64802	4	8
1900					4
1901	4	0x008e	16674	2	8
1902					2
1903	4	0x0082	0	8	16
1904					0
1909	4	0x008e	16418	2	8
1910					2
1911	4	0x008e	290	64	8
1912					64
1913	4	0x008e	16418	64	8
1914					64
1915	4	0x008e	32546	64	8
1916					64
1917	4	0x008e	48674	64	8
1918					64
1919	4	0x008e	64802	4	8
1920					4
1921	4	0x008e	16674	2	8
1922					2
1923	4	0x0082	0	8	16
1924					0
1929	4	0x008e	16418	2	8
1930					2
1931	4	0x008e	290	64	8
1932					64
1933	4	0x008e	16418	64	8
1934					64
1935	4	0x008e	32546	64	8
1936					64
1937	4	0x008e	48674	64	8
1938					64
1939	4	0x008e	64802	4	8
1940					4
1941	4	0x008e	16674	2	8
1942					2
1943	4	0x0082	0	8	16
1944					0
1949	4	0x008e	16418	2	8
1950					2
1951	4	0x008e	290	64	8
1952					64
1953	4	0x008e	16418	64	8
1954					64
1955	4	0x008e	32546	64	8
1956					64
1957	4	0x008e	48674	64	8
1958					64
1959	4	0x008e	64802	4	8
1960					4
1961	4	0x008e	16674	2	8
1962					2
1963	4	0x0082	0	8	16
1964					0
1969	4	0x008e	16418	2	8
1970					2
1971	4	0x008e	290	64	8
1972					64
1973	4	0x008e	16418	64	8
1974					64
1975	4	0x008e	32546	64	8
1976					64
1977	4	0x008e	48674	64	8
1978					64
1979	4	0x008e	64802	4	8
1980					4
1981	4	0x008e	16674	2	8
1982					2
1983	4	0x0082	0	8	16
1984					0
1989	4	0x008e	16418	2	8
1990					2
1991	4	0x008e	290	64	8
1992					64
1993	4	0x008e	16418	64	8
1994					64
1995	4	0x008e	32546	64	8
1996					64
1997	4	0x008e	48674	64	8
1998					64
1999	4	0x008e	64802	4	8
2000					4
2001	4	0x008e	16674	2	8
2002					2
2003	4	0x0082	0	8	16
2004					0
2009	4	0x008e	16418	2	8
2010					2
2011	4	0x008e	290	64	8
2012					64
2013	4	0x008e	16418	64	8
2014					64
2015	4	0x008e	32546	64	8
2016					64
2017	4	0x008e	48674	64	8
2018					64
2019	4	0x008e	64802	4	8
2020					4
2021	4	0x008e	16674	2	8
2022					2
2023	4	0x0082	0	8	16
2024					0
2029	4	0x008e	16418	2	8
2030					2
2031	4	0x008e	290	64	8
2032					64
2033	4	0x008e	16418	64	8
2034					64
2035	4	0x008e	32546	64	8
2036					64
2037	4	0x008e	48674	64	8
2038					64
2039	4	0x008e	64802	4	8
2040					4
2041	4	0x008e	16674	2	8
2042					2
2043	4	0x0082	0	8	16
2044					0
2049	4	0x008e	16418	2	8
2050					2
2051	4	0x008e	290	64	8
2052					64
2053	4	0x008e	16418	64	8
2054					64
2055	4	0x008e	32546	64	8
2056					64
2057	4	0x008e	48674	64	8
2058					64
2059	4	0x008e	64802	4	8
2060					4
2061	4	0x008e	16674	2	8
2062					2
2063	4	0x0082	0	8	16
2064					0
2069	4	0x008e	16418	2	8
2070					2
2071	4	0x008e	290	64	8
2072					64
2073	4	0x008e	16418	64	8
2074					64
2075	4	0x008e	32546	64	8
2076					64
2077	4	0x008e	48674	64	8
2078					64
2079	4	0x008e	64802	4	8
2080					4
2081	4	0x008e	16674	2	8
2082					2
2083	4	0x0082	0	8	16
2084					0
2089	4	0x008e	16418	2	8
2090					2
2091	4	0x008e	290	64	8
2092					64
2093	4	0x008e	16418	64	8
2094					64
2095	4	0x008e	32546	64	8
2096					64
2097	4	0x008e	48674	64	8
2098					64
2099	4	0x008e	64802	4	8
2100					4
2101	4	0x008e	16674	2	8
2102					2
2103	4	0x0082	0	8	16
2104					0
2109	4	0x008e	16418	2	8
2110					2
2111	4	0x008e	290	64	8
2112					64
2113	4	0x008e	16418	64	8
2114					64
2115	4	0x008e	32546	64	8
2116					64
2117	4	0x008e	48674	64	8
2118					64
2119	4	0x008e	64802	4	8
2120					4
2121	4	0x008e	16674	2	8
2122					2
2123	4	0x0082	0	8	16
2124					0
2129	4	0x008e	16418	2	8
2130					2
2131	4	0x008e	290	64	8
2132					64
2133	4	0x008e	16418	64	8
2134					64
2135	4	0x008e	32546	64	8
2136					64
2137	4	0x008e	48674	64	8
2138					64
2139	4	0x008e	64802	4	8
2140					4
2141	4	0x008e	16674	2	8
2142					2
2143	4	0x0082	0	8	16
2144					0
2149	4	0x008e	16418	2	8
2150					2
2151	4	0x008e	290	64	8
2152					64
2153	4	0x008e	16418	64	8
2154					64
2155	4	0x008e	32546	64	8
2156					64
2157	4	0x008e	48674	64	8
2158					64
2159	4	0x008e	64802	4	8
2160					4
2161	4	0x008e	16674	2	8
2162					2
2163	4	0x0082	0	8	16
2164					0
2169	4	0x008e	16418	2	8
2170					2
2171	4	0x008e	290	64	8
2172					64
2173	4	0x008e	16418	64	8
2174					64
2175	4	0x008e	32546	64	8
2176					64
2177	4	0x008e	48674	64	8
2178					64
2179	4	0x008e	64802	4	8
2180					4
2181	4	0x008e	16674	2	8
2182					2
2183	4	0x0082	0	8	16
2184					0
2189	4	0x008e	16418	2	8
2190					2
2191	4	0x008e	290	64	8
2192					64
2193	4	0x008e	16418	64	8
2194					64
2195	4	0x008e	32546	64	8
2196					64
2197	4	0x008e	48674	64	8
2198					64
2199	4	0x008e	64802	4	8
2200					4
2201	4	0x008e	16674	2	8
2202					2
2203	4	0x0082	0	8	16
2204					0
2209	4	0x008e	16418	2	8
2210					2
2211	4	0x008e	290	64	8
2212					64
2213	4	0x008e	16418	64	8
2214					64
2215	4	0x008e	32546	64	8
2216					64
2217	4	0x008e	48674	64	8
2218					64
2219	4	0x008e	64802	4	8
2220					4
2221	4	0x008e	16674	2	8
2222					2
2223	4	0x0082	0	8	16
2224					0
2229	4	0x008e	16418	2	8
2230					2
2231	4	0x008e	290	64	8
2232					64
2233	4	0x008e	16418	64	8
2234					64
2235	4	0x008e	32546	64	8
2236					64
2237	4	0x008e	48674	64	8
2238					64
2239	4	0x008e	64802	4	8
2240					4
2241	4	0x008e	16674	2	8
2242					2
2243	4	0x0082	0	8	16
2244					0
2249	4	0x008e	16418	2	8
2250					2
2251	4	0x008e	290	64	8
2252					64
2253	4	0x008e	16418	64	8
2254					64
2255	4	0x008e	32546	64	8
2256					64
2257	4	0x008e	48674	64	8
2258					64
2259	4	0x008e	64802	4	8
2260					4
2261	4	0x008e	16674	2	8
2262					2
2263	4	0x0082	0	8	16
2264					0
2269	4	0x008e	16418	2	8
2270					2
2271	4	0x008e	290	64	8
2272					64
2273	4	0x008e	16418	64	8
2274					64
2275	4	0x008e	32546	64	8
2276					64
2277	4	0x008e	48674	64	8
2278					64
2279	4	0x008e	64802	4	8
2280					4
2281	4	0x008e	16674	2	8
2282					2
2283	4	0x0082	0	8	16
2284					0
2289	4	0x008e	16418	2	8
2290					2
2291	4	0x008e	290	64	8
2292					64
2293	4	0x008e	16418	64	8
2294					64
2295	4	0x008e	32546	64	8
2296					64
2297	4	0x008e	48674	64	8
2298					64
2299	4	0x008e	64802	4	8
2300					4
2301	4	0x008e	16674	2	8
2302					2
2303	4	0x0082	0	8	16
2304					0
2309	4	0x008e	16418	2	8
2310					2
2311	4	0x008e	290	64	8
2312					64
2313	4	0x008e	16418	64	8
2314					64
2315	4	0x008e	32546	64	8
2316					64
2317	4	0x008e	48674	64	8
2318					64
2319	4	0x008e	64802	4	8
2320					4
2321	4	0x008e	16674	2	8
2322					2
2323	4	0x0082	0	8	16
2324					0
2329	4	0x008e	16418	2	8
2330					2
2331	4	0x008e	290	64	8
2332					64
2333	4	0x008e	16418	64	8
2334					64
2335	4	0x008e	32546	64	8
2336					64
2337	4	0x008e	48674	64	8
2338					64
2339	4	0x008e	64802	4	8
2340					4
2341	4	0x008e	16674	2	8
2342					2
2343	4	0x0082	0	8	16
2344					0
2349	4	0x008e	16418	2	8
2350					2
2351	4	0x008e	290	64	8
2352					64
2353	4	0x008e	16418	64	8
2354					64
2355	4	0x008e	32546	64	8
2356					64
2357	4	0x008e	48674	64	8
2358					64
2359	4	0x008e	64802	4	8
2360					4
2361	4	0x008e	16674	2	8
2362					2
2363	4	0x0082	0	8	16
2364					0
2369	4	0x008e	16418	2	8
2370					2
2371	4	0x008e	290	64	8
2372					64
2373	4	0x008e	16418	64	8
2374					64
2375	4	0x008e	32546	64	8
2376					64
2377	4	0x008e	48674	64	8
2378					64
2379	4	0x008e	64802	4	8
2380					4
2381	4	0x008e	16674	2	8
2382					2
2383	4	0x0082	0	8	16
2384					0
2389	4	0x008e	16418	2	8
2390					2
2391	4	0x008e	290	64	8
2392					64
2393	4	0x008e	16418	64	8
2394					64
2395	4	0x008e	32546	64	8
2396					64
2397	4	0x008e	48674	64	8
2398					64
2399	4	0x008e	64802	4	8
2400					4
2401	4	0x008e	16674	2	8
2402					2
2403	4	0x0082	0	8	16
2404					0
2409	4	0x008e	16418	2	8
2410					2
2411	4	0x008e	290	64	8
2412					64
2413	4	0x008e	16418	64	8
2414					64
2415	4	0x008e	32546	64	8
2416					64
2417	4	0x008e	48674	64	8
2418					64
2419	4	0x008e	64802	4	8
2420					4
2421	4	0x008e	16674	2	8
2422					2
2423	4	0x0082	0	8	16
2424					0
2429	4	0x008e	16418	2	8
2430					2
2431	4	0x008e	290	64	8
2432					64
2433	4	0x008e	16418	64	8
2434					64
2435	4	0x008e	32546	64	8
2436					64
2437	4	0x008e	48674	64	8
2438					64
2439	4	0x008e	64802	4	8
2440					4
2441	4	0x008e	16674	2	8
2442					2
2443	4	0x0082	0	8	16
2444					0
2449	4	0x008e	16418	2	8
2450					2
2451	4	0x008e	290	64	8
2452					64
2453	4	0x008e	16418	64	8
2454					64
2455	4	0x008e	32546	64	8
2456					64
2457	4	0x008e	48674	64	8
2458					64
2459	4	0x008e	64802	4	8
2460					4
2461	4	0x008e	16674	2	8
2462					2
2463	4	0x0082	0	8	16
2464					0
2469	4	0x008e	16418	2	8
2470					2
2471	4	0x008e	290	64	8
2472					64
2473	4	0x008e	16418	64	8
2474					64
2475	4	0x008e	32546	64	8
2476					64
2477	4	0x008e	48674	64	8
2478					64
2479	4	0x008e	64802	4	8
2480					4
2481	4	0x008e	16674	2	8
2482					2
2483	4	0x0082	0	8	16
2484					0
2489	4	0x008e	16418	2	8
2490					2
2491	4	0x008e	290	64	8
2492					64
2493	4	0x008e	16418	64	8
2494					64
2495	4	0x008e	32546	64	8
2496					64
2497	4	0x008e	48674	64	8
2498					64
2499	4	0x008e	64802	4	8
2500					4
2501	4	0x008e	16674	2	8
2502					2
2503	4	0x0082	0	8	16
2504					0
2509	4	0x008e	16418	2	8
2510					2
2511	4	0x008e	290	64	8
2512					64
2513	4	0x008e	16418	64	8
2514					64
2515	4	0x008e	32546	64	8
2516					64
2517	4	0x008e	48674	64	8
2518					64
2519	4	0x008e	64802	4	8
2520					4
2521	4	0x008e	16674	2	8
2522					2
2523	4	0x0082	0	8	16
2524					0
2529	4	0x008e	16418	2	8
2530					2
2531	4	0x008e	290	64	8
2532					64
2533	4	0x008e	16418	64	8
2534					64
2535	4	0x008e	32546	64	8
2536					64
2537	4	0x008e	48674	64	8
2538					64
2539	4	0x008e	64802	4	8
2540					4
2541	4	0x008e	16674	2	8
2542					2
2543	4	0x0082	0	8	16
2544					0
2549	4	0x008e	16418	2	8
2550					2
2551	4	0x008e	19234	4	8
2552					4
2553	4	0x008e	290	64	8
2554					64
2555	4	0x008e	16418	64	8
2556					64
2557	4	0x008e	32546	64	8
2558					64
2559	4	0x008e	48674	64	8
2560					64
2561	4	0x008e	64802	4	8
2562					4
2563	4	0x008e	16674	2	8
2564					2
2565	4	0x0082	0	8	16
2566					0
2571	4	0x008e	290	64	8
2572					64
2573	4	0x008e	16418	64	8
2574					64
2575	4	0x008e	32546	64	8
2576					64
2577	4	0x008e	48674	64	8
2578					64
2579	4	0x008e	64802	4	8
2580					4
2581	4	0x008e	16674	2	8
2582					2
2583	4	0x0082	0	8	16
2584					0
2589	4	0x008e	290	64	8
2590					64
2591	4	0x008e	16418	64	8
2592					64
2593	4	0x008e	32546	64	8
2594					64
2595	4	0x008e	48674	64	8
2596					64
2597	4	0x008e	64802	4	8
2598					4
2599	4	0x008e	16674	2	8
2600					2
2601	4	0x0082	0	8	16
2602					0
2607	4	0x008e	290	64	8
2608					64
2609	4	0x008e	16418	64	8
2610					64
2611	4	0x008e	32546	64	8
2612					64
2613	4	0x008e	48674	64	8
2614					64
2615	4	0x008e	64802	4	8
2616					4
2617	4	0x008e	16674	2	8
2618					2
2619	4	0x0082	0	8	16
2620					0
2625	4	0x008e	290	64	8
2626					64
2627	4	0x008e	16418	64	8
2628					64
2629	4	0x008e	32546	64	8
2630					64
2631	4	0x008e	48674	64	8
2632					64
2633	4	0x008e	64802	4	8
2634					4
2635	4	0x008e	16674	2	8
2636					2
2637	4	0x0082	0	8	16
2638					0
2643	4	0x008e	290	64	8
2644					64
2645	4	0x008e	16418	64	8
2646					64
2647	4	0x008e	32546	64	8
2648					64
2649	4	0x008e	48674	64	8
2650					64
2651	4	0x008e	64802	4	8
2652					4
2653	4	0x008e	16674	2	8
2654					2
2655	4	0x0082	0	8	16
2656					0
2661	4	0x008e	290	64	8
2662					64
2663	4	0x008e	16418	64	8
2664					64
2665	4	0x008e	32546	64	8
2666					64
2667	4	0x008e	48674	64	8
2668					64
2669	4	0x008e	64802	4	8
2670					4
2671	4	0x008e	16674	2	8
2672					2
2673	4	0x0082	0	8	16
2674					0
2679	4	0x008e	290	64	8
2680					64
2681	4	0x008e	16418	64	8
2682					64
2683	4	0x008e	32546	64	8
2684					64
2685	4	0x008e	48674	64	8
2686					64
2687	4	0x008e	64802	4	8
2688					4
2689	4	0x008e	16674	2	8
2690					2
2691	4	0x0082	0	8	16
2692					0
2697	4	0x008e	290	64	8
2698					64
2699	4	0x008e	16418	64	8
2700					64
2701	4	0x008e	32546	64	8
2702					64
2703	4	0x008e	48674	64	8
2704					64
2705	4	0x008e	64802	4	8
2706					4
2707	4	0x008e	16674	2	8
2708					2
2709	4	0x0082	0	8	16
2710					0
2715	4	0x008e	290	64	8
2716					64
2717	4	0x008e	16418	64	8
2718					64
2719	4	0x008e	32546	64	8
2720					64
2721	4	0x008e	48674	64	8
2722					64
2723	4	0x008e	64802	4	8
2724					4
2725	4	0x008e	16674	2	8
2726					2
2727	4	0x0082	0	8	16
2728					0
2733	4	0x008e	290	64	8
2734					64
2735	4	0x008e	16418	64	8
2736					64
2737	4	0x008e	32546	64	8
2738					64
2739	4	0x008e	48674	64	8
2740					64
2741	4	0x008e	64802	4	8
2742					4
2743	4	0x008e	16674	2	8
2744					2
2745	4	0x0082	0	8	16
2746					0
2751	4	0x008e	290	64	8
2752					64
2753	4	0x008e	16418	64	8
2754					64
2755	4	0x008e	32546	64	8
2756					64
2757	4	0x008e	48674	64	8
2758					64
2759	4	0x008e	64802	4	8
2760					4
2761	4	0x008e	16674	2	8
2762					2
2763	4	0x0082	0	8	16
2764					0
2769	4	0x008e	290	64	8
2770					64
2771	4	0x008e	16418	64	8
2772					64
2773	4	0x008e	32546	64	8
2774					64
2775	4	0x008e	48674	64	8
2776					64
2777	4	0x008e	64802	4	8
2778					4
2779	4	0x008e	16674	2	8
2780					2
2781	4	0x0082	0	8	16
2782					0
2787	4	0x008e	290	64	8
2788					64
2789	4	0x008e	16418	64	8
2790					64
2791	4	0x008e	32546	64	8
2792					64
2793	4	0x008e	48674	64	8
2794					64
2795	4	0x008e	64802	4	8
2796					4
2797	4	0x008e	16674	2	8
2798					2
2799	4	0x0082	0	8	16
2800					0
2805	4	0x008e	290	64	8
2806					64
2807	4	0x008e	16418	64	8
2808					64
2809	4	0x008e	32546	64	8
2810					64
2811	4	0x008e	48674	64	8
2812					64
2813	4	0x008e	64802	4	8
2814					4
2815	4	0x008e	16674	2	8
2816					2
2817	4	0x0082	0	8	16
2818					0
2823	4	0x008e	290	64	8
2824					64
2825	4	0x008e	16418	64	8
2826					64
2827	4	0x008e	32546	64	8
2828					64
2829	4	0x008e	48674	64	8
2830					64
2831	4	0x008e	64802	4	8
2832					4
2833	4	0x008e	16674	2	8
2834					2
2835	4	0x0082	0	8	16
2836					0
2841	4	0x008e	290	64	8
2842					64
2843	4	0x008e	16418	64	8
2844					64
2845	4	0x008e	32546	64	8
2846					64
2847	4	0x008e	48674	64	8
2848					64
2849	4	0x008e	64802	4	8
2850					4
2851	4	0x008e	16674	2	8
2852					2
2853	4	0x0082	0	8	16
2854					0
2859	4	0x008e	290	64	8
2860					64
2861	4	0x008e	16418	64	8
2862					64
2863	4	0x008e	32546	64	8
2864					64
2865	4	0x008e	48674	64	8
2866					64
2867	4	0x008e	64802	4	8
2868					4
2869	4	0x008e	16674	2	8
2870					2
2871	4	0x0082	0	8	16
2872					0
2877	4	0x008e	290	64	8
2878					64
2879	4	0x008e	16418	64	8
2880					64
2881	4	0x008e	32546	64	8
2882					64
2883	4	0x008e	48674	64	8
2884					64
2885	4	0x008e	64802	4	8
2886					4
2887	4	0x008e	16674	2	8
2888					2
2889	4	0x0082	0	8	16
2890					0
2895	4	0x008e	290	64	8
2896					64
2897	4	0x008e	16418	64	8
2898					64
2899	4	0x008e	32546	64	8
2900					64
2901	4	0x008e	48674	64	8
2902					64
2903	4	0x008e	64802	4	8
2904					4
2905	4	0x008e	16674	2	8
2906					2
2907	4	0x0082	0	8	16
2908					0
2913	4	0x008e	290	64	8
2914					64
2915	4	0x008e	16418	64	8
2916					64
2917	4	0x008e	32546	64	8
2918					64
2919	4	0x008e	48674	64	8
2920					64
2921	4	0x008e	64802	4	8
2922					4
2923	4	0x008e	16674	2	8
2924					2
2925	4	0x0082	0	8	16
2926					0
2931	4	0x008e	290	64	8
2932					64
2933	4	0x008e	16418	64	8
2934					64
2935	4	0x008e	32546	64	8
2936					64
2937	4	0x008e	48674	64	8
2938					64
2939	4	0x008e	64802	4	8
2940					4
2941	4	0x008e	16674	2	8
2942					2
2943	4	0x0082	0	8	16
2944					0
2949	4	0x008e	290	64	8
2950					64
2951	4	0x008e	16418	64	8
2952					64
2953	4	0x008e	32546	64	8
2954					64
2955	4	0x008e	48674	64	8
2956					64
2957	4	0x008e	64802	4	8
2958					4
2959	4	0x008e	16674	2	8
2960					2
2961	4	0x0082	0	8	16
2962					0
2967	4	0x008e	290	64	8
2968					64
2969	4	0x008e	16418	64	8
2970					64
2971	4	0x008e	32546	64	8
2972					64
2973	4	0x008e	48674	64	8
2974					64
2975	4	0x008e	64802	4	8
2976					4
2977	4	0x008e	16674	2	8
2978					2
2979	4	0x0082	0	8	16
2980					0
2985	4	0x008e	290	64	8
2986					64
2987	4	0x008e	16418	64	8
2988					64
2989	4	0x008e	32546	64	8
2990					64
2991	4	0x008e	48674	64	8
2992					64
2993	4	0x008e	64802	4	8
2994					4
2995	4	0x008e	16674	2	8
2996					2
2997	4	0x0082	0	8	16
2998					0
3003	4	0x008e	290	64	8
3004					64
3005	4	0x008e	16418	64	8
3006					64
3007	4	0x008e	32546	64	8
3008					64
3009	4	0x008e	48674	64	8
3010					64
3011	4	0x008e	64802	4	8
3012					4
3013	4	0x008e	16674	2	8
3014					2
3015	4	0x0082	0	8	16
3016					0
3021	4	0x008e	290	64	8
3022					64
3023	4	0x008e	16418	64	8
3024					64
3025	4	0x008e	32546	64	8
3026					64
3027	4	0x008e	48674	64	8
3028					64
3029	4	0x008e	64802	4	8
3030					4
3031	4	0x008e	16674	2	8
3032					2
3033	4	0x0082	0	8	16
3034					0
3039	4	0x008e	290	64	8
3040					64
3041	4	0x008e	16418	64	8
3042					64
3043	4	0x008e	32546	64	8
3044					64
3045	4	0x008e	48674	64	8
3046					64
3047	4	0x008e	64802	4	8
3048					4
3049	4	0x008e	16674	2	8
3050					2
3051	4	0x0082	0	8	16
3052					0
3057	4	0x008e	290	64	8
3058					64
3059	4	0x008e	16418	64	8
3060					64
3061	4	0x008e	32546	64	8
3062					64
3063	4	0x008e	48674	64	8
3064					64
3065	4	0x008e	64802	4	8
3066					4
3067	4	0x008e	16674	2	8
3068					2
3069	4	0x0082	0	8	16
3070					0
3075	4	0x008e	290	64	8
3076					64
3077	4	0x008e	16418	64	8
3078					64
3079	4	0x008e	32546	64	8
3080					64
3081	4	0x008e	48674	64	8
3082					64
3083	4	0x008e	64802	4	8
3084					4
3085	4	0x008e	16674	2	8
3086					2
3087	4	0x0082	0	8	16
3088					0
3093	4	0x008e	290	64	8
3094					64
3095	4	0x008e	16418	64	8
3096					64
3097	4	0x008e	32546	64	8
3098					64
3099	4	0x008e	48674	64	8
3100					64
3101	4	0x008e	64802	4	8
3102					4
3103	4	0x008e	16674	2	8
3104					2
3105	4	0x0082	0	8	16
3106					0
3111	4	0x008e	290	64	8
3112					64
3113	4	0x008e	16418	64	8
3114					64
3115	4	0x008e	32546	64	8
3116					64
3117	4	0x008e	48674	64	8
3118					64
3119	4	0x008e	64802	4	8
3120					4
3121	4	0x008e	16674	2	8
3122					2
3123	4	0x0082	0	8	16
3124					0
3129	4	0x008e	290	64	8
3130					64
3131	4	0x008e	16418	64	8
3132					64
3133	4	0x008e	32546	64	8
3134					64
3135	4	0x008e	48674	64	8
3136					64
3137	4	0x008e	64802	4	8
3138					4
3139	4	0x008e	16674	2	8
3140					2
3141	4	0x0082	0	8	16
3142					0
3147	4	0x008e	290	64	8
3148					64
3149	4	0x008e	16418	64	8
3150					64
3151	4	0x008e	32546	64	8
3152					64
3153	4	0x008e	48674	64	8
3154					64
3155	4	0x008e	64802	4	8
3156					4
3157	4	0x008e	16674	2	8
3158					2
3159	4	0x0082	0	8	16
3160					0
3165	4	0x008e	290	64	8
3166					64
3167	4	0x008e	16418	64	8
3168					64
3169	4	0x008e	32546	64	8
3170					64
3171	4	0x008e	48674	64	8
3172					64
3173	4	0x008e	64802	4	8
3174					4
3175	4	0x008e	16674	2	8
3176					2
3177	4	0x0082	0	8	16
3178					0
3183	4	0x008e	290	64	8
3184					64
3185	4	0x008e	16418	64	8
3186					64
3187	4	0x008e	32546	64	8
3188					64
3189	4	0x008e	48674	64	8
3190					64
3191	4	0x008e	64802	4	8
3192					4
3193	4	0x008e	16674	2	8
3194					2
3195	4	0x0082	0	8	16
3196					0
3201	4	0x008e	290	64	8
3202					64
3203	4	0x008e	16418	64	8
3204					64
3205	4	0x008e	32546	64	8
3206					64
3207	4	0x008e	48674	64	8
3208					64
3209	4	0x008e	64802	4	8
3210					4
3211	4	0x008e	16674	2	8
3212					2
3213	4	0x0082	0	8	16
3214					0
3219	4	0x008e	290	64	8
3220					64
3221	4	0x008e	16418	64	8
3222					64
3223	4	0x008e	32546	64	8
3224					64
3225	4	0x008e	48674	64	8
3226					64
3227	4	0x008e	64802	4	8
3228					4
3229	4	0x008e	16674	2	8
3230					2
3231	4	0x0082	0	8	16
3232					0
3237	4	0x008e	290	64	8
3238					64
3239	4	0x008e	16418	64	8
3240					64
3241	4	0x008e	32546	64	8
3242					64
3243	4	0x008e	48674	64	8
3244					64
3245	4	0x008e	64802	4	8
3246					4
3247	4	0x008e	16674	2	8
3248					2
3249	4	0x0082	0	8	16
3250					0
3255	4	0x008e	290	64	8
3256					64
3257	4	0x008e	16418	64	8
3258					64
3259	4	0x008e	32546	64	8
3260					64
3261	4	0x008e	48674	64	8
3262					64
3263	4	0x008e	64802	4	8
3264					4
3265	4	0x008e	16674	2	8
3266					2
3267	4	0x0082	0	8	16
3268					0
3273	4	0x008e	290	64	8
3274					64
3275	4	0x008e	16418	64	8
3276					64
3277	4	0x008e	32546	64	8
3278					64
3279	4	0x008e	48674	64	8
3280					64
3281	4	0x008e	64802	4	8
3282					4
3283	4	0x008e	16674	2	8
3284					2
3285	4	0x0082	0	8	16
3286					0
3291	4	0x008e	290	64	8
3292					64
3293	4	0x008e	16418	64	8
3294					64
3295	4	0x008e	32546	64	8
3296					64
3297	4	0x008e	48674	64	8
3298					64
3299	4	0x008e	64802	4	8
3300					4
3301	4	0x008e	16674	2	8
3302					2
3303	4	0x0082	0	8	16
3304					0
3309	4	0x008e	290	64	8
3310					64
3311	4	0x008e	16418	64	8
3312					64
3313	4	0x008e	32546	64	8
3314					64
3315	4	0x008e	48674	64	8
3316					64
3317	4	0x008e	64802	4	8
3318					4
3319	4	0x008e	16674	2	8
3320					2
3321	4	0x0082	0	8	16
3322					0
3327	4	0x008e	290	64	8
3328					64
3329	4	0x008e	16418	64	8
3330					64
3331	4	0x008e	32546	64	8
3332					64
3333	4	0x008e	48674	64	8
3334					64
3335	4	0x008e	64802	4	8
3336					4
3337	4	0x008e	16674	2	8
3338					2
3339	4	0x0082	0	8	16
3340					0
3345	4	0x008e	290	64	8
3346					64
3347	4	0x008e	16418	64	8
3348					64
3349	4	0x008e	32546	64	8
3350					64
3351	4	0x008e	48674	64	8
3352					64
3353	4	0x008e	64802	4	8
3354					4
3355	4	0x008e	16674	2	8
3356					2
3357	4	0x0082	0	8	16
3358					0
3363	4	0x008e	290	64	8
3364					64
3365	4	0x008e	16418	64	8
3366					64
3367	4	0x008e	32546	64	8
3368					64
3369	4	0x008e	48674	64	8
3370					64
3371	4	0x008e	64802	4	8
3372					4
3373	4	0x008e	16674	2	8
3374					2
3375	4	0x0082	0	8	16
3376					0
3381	4	0x008e	290	64	8
3382					64
3383	4	0x008e	16418	64	8
3384					64
3385	4	0x008e	32546	64	8
3386					64
3387	4	0x008e	48674	64	8
3388					64
3389	4	0x008e	64802	4	8
3390					4
3391	4	0x008e	16674	2	8
3392					2
3393	4	0x0082	0	8	16
3394					0
3399	4	0x008e	290	64	8
3400					64
3401	4	0x008e	16418	64	8
3402					64
3403	4	0x008e	32546	64	8
3404					64
3405	4	0x008e	48674	64	8
3406					64
3407	4	0x008e	64802	4	8
3408					4
3409	4	0x008e	16674	2	8
3410					2
3411	4	0x0082	0	8	16
3412					0
3417	4	0x008e	290	64	8
3418					64
3419	4	0x008e	16418	64	8
3420					64
3421	4	0x008e	32546	64	8
3422					64
3423	4	0x008e	48674	64	8
3424					64
3425	4	0x008e	64802	4	8
3426					4
3427	4	0x008e	16674	2	8
3428					2
3429	4	0x0082	0	8	16
3430					0
3435	4	0x008e	290	64	8
3436					64
3437	4	0x008e	16418	64	8
3438					64
3439	4	0x008e	32546	64	8
3440					64
3441	4	0x008e	48674	64	8
3442					64
3443	4	0x008e	64802	4	8
3444					4
3445	4	0x008e	16674	2	8
3446					2
3447	4	0x0082	0	8	16
3448					0
3453	4	0x008e	290	64	8
3454					64
3455	4	0x008e	16418	64	8
3456					64
3457	4	0x008e	32546	64	8
3458					64
3459	4	0x008e	48674	64	8
3460					64
3461	4	0x008e	64802	4	8
3462					4
3463	4	0x008e	16674	2	8
3464					2
3465	4	0x0082	0	8	16
3466					0
3471	4	0x008e	290	64	8
3472					64
3473	4	0x008e	16418	64	8
3474					64
3475	4	0x008e	32546	64	8
3476					64
3477	4	0x008e	48674	64	8
3478					64
3479	4	0x008e	64802	4	8
3480					4
3481	4	0x008e	16674	2	8
3482					2
3483	4	0x0082	0	8	16
3484					0
3489	4	0x008e	290	64	8
3490					64
3491	4	0x008e	16418	64	8
3492					64
3493	4	0x008e	32546	64	8
3494					64
3495	4	0x008e	48674	64	8
3496					64
3497	4	0x008e	64802	4	8
3498					4
3499	4	0x008e	16674	2	8
3500					2
3501	4	0x0082	0	8	16
3502					0
3507	4	0x008e	290	64	8
3508					64
3509	4	0x008e	16418	64	8
3510					64
3511	4	0x008e	32546	64	8
3512					64
3513	4	0x008e	48674	64	8
3514					64
3515	4	0x008e	64802	4	8
3516					4
3517	4	0x008e	16674	2	8
3518					2
3519	4	0x0082	0	8	16
3520					0
3525	4	0x008e	290	64	8
3526					64
3527	4	0x008e	16418	64	8
3528					64
3529	4	0x008e	32546	64	8
3530					64
3531	4	0x008e	48674	64	8
3532					64
3533	4	0x008e	64802	4	8
3534					4
3535	4	0x008e	16674	2	8
3536					2
3537	4	0x0082	0	8	16
3538					0
3543	4	0x008e	290	64	8
3544					64
3545	4	0x008e	16418	64	8
3546					64
3547	4	0x008e	32546	64	8
3548					64
3549	4	0x008e	48674	64	8
3550					64
3551	4	0x008e	64802	4	8
3552					4
3553	4	0x008e	16674	2	8
3554					2
3555	4	0x0082	0	8	16
3556					0
3561	4	0x008e	290	64	8
3562					64
3563	4	0x008e	16418	64	8
3564					64
3565	4	0x008e	32546	64	8
3566					64
3567	4	0x008e	48674	64	8
3568					64
3569	4	0x008e	64802	4	8
3570					4
3571	4	0x008e	16674	2	8
3572					2
3573	4	0x0082	0	8	16
3574					0
3579	4	0x008e	290	64	8
3580					64
3581	4	0x008e	16418	64	8
3582					64
3583	4	0x008e	32546	64	8
3584					64
3585	4	0x008e	48674	64	8
3586					64
3587	4	0x008e	64802	4	8
3588					4
3589	4	0x008e	16674	2	8
3590					2
3591	4	0x0082	0	8	16
3592					0
3597	4	0x008e	290	64	8
3598					64
3599	4	0x008e	16418	64	8
3600					64
3601	4	0x008e	32546	64	8
3602					64
3603	4	0x008e	48674	64	8
3604					64
3605	4	0x008e	64802	4	8
3606					4
3607	4	0x008e	16674	2	8
3608					2
3609	4	0x0082	0	8	16
3610					0
3615	4	0x008e	290	64	8
3616					64
3617	4	0x008e	16418	64	8
3618					64
3619	4	0x008e	32546	64	8
3620					64
3621	4	0x008e	48674	64	8
3622					64
3623	4	0x008e	64802	4	8
3624					4
3625	4	0x008e	16674	2	8
3626					2
3627	4	0x0082	0	8	16
3628					0
3633	4	0x008e	290	64	8
3634					64
3635	4	0x008e	16418	64	8
3636					64
3637	4	0x008e	32546	64	8
3638					64
3639	4	0x008e	48674	64	8
3640					64
3641	4	0x008e	64802	4	8
3642					4
3643	4	0x008e	16674	2	8
3644					2
3645	4	0x0082	0	8	16
3646					0
3651	4	0x008e	290	64	8
3652					64
3653	4	0x008e	16418	64	8
3654					64
3655	4	0x008e	32546	64	8
3656					64
3657	4	0x008e	48674	64	8
3658					64
3659	4	0x008e	64802	4	8
3660					4
3661	4	0x008e	16674	2	8
3662					2
3663	4	0x0082	0	8	16
3664					0
3669	4	0x008e	290	64	8
3670					64
3671	4	0x008e	16418	64	8
3672					64
3673	4	0x008e	32546	64	8
3674					64
3675	4	0x008e	48674	64	8
3676					64
3677	4	0x008e	64802	4	8
3678					4
3679	4	0x008e	16674	2	8
3680					2
3681	4	0x0082	0	8	16
3682					0
3687	4	0x008e	290	64	8
3688					64
3689	4	0x008e	16418	64	8
3690					64
3691	4	0x008e	32546	64	8
3692					64
3693	4	0x008e	48674	64	8
3694					64
3695	4	0x008e	64802	4	8
3696					4
3697	4	0x008e	16674	2	8
3698					2
3699	4	0x0082	0	8	16
3700					0
3705	4	0x008e	290	64	8
3706					64
3707	4	0x008e	16418	64	8
3708					64
3709	4	0x008e	32546	64	8
3710					64
3711	4	0x008e	48674	64	8
3712					64
3713	4	0x008e	64802	4	8
3714					4
3715	4	0x008e	16674	2	8
3716					2
3717	4	0x0082	0	8	16
3718					0
3723	4	0x008e	290	64	8
3724					64
3725	4	0x008e	16418	64	8
3726					64
3727	4	0x008e	32546	64	8
3728					64
3729	4	0x008e	48674	64	8
3730					64
3731	4	0x008e	64802	4	8
3732					4
3733	4	0x008e	16674	2	8
3734					2
3735	4	0x0082	0	8	16
3736					0
3741	4	0x008e	290	64	8
3742					64
3743	4	0x008e	16418	64	8
3744					64
3745	4	0x008e	32546	64	8
3746					64
3747	4	0x008e	48674	64	8
3748					64
3749	4	0x008e	64802	4	8
3750					4
3751	4	0x008e	16674	2	8
3752					2
3753	4	0x0082	0	8	16
3754					0
3759	4	0x008e	290	64	8
3760					64
3761	4	0x008e	16418	64	8
3762					64
3763	4	0x008e	32546	64	8
3764					64
3765	4	0x008e	48674	64	8
3766					64
3767	4	0x008e	64802	4	8
3768					4
3769	4	0x008e	16674	2	8
3770					2
3771	4	0x0082	0	8	16
3772					0
3777	4	0x008e	290	64	8
3778					64
3779	4	0x008e	16418	64	8
3780					64
3781	4	0x008e	32546	64	8
3782					64
3783	4	0x008e	48674	64	8
3784					64
3785	4	0x008e	64802	4	8
3786					4
3787	4	0x008e	16674	2	8
3788					2
3789	4	0x0082	0	8	16
3790					0
3795	4	0x008e	290	64	8
3796					64
3797	4	0x008e	16418	64	8
3798					64
3799	4	0x008e	32546	64	8
3800					64
3801	4	0x008e	48674	64	8
3802					64
3803	4	0x008e	64802	4	8
3804					4
3805	4	0x008e	16674	2	8
3806					2
3807	4	0x0082	0	8	16
3808					0
3813	4	0x008e	290	64	8
3814					64
3815	4	0x008e	16418	64	8
3816					64
3817	4	0x008e	32546	64	8
3818					64
3819	4	0x008e	48674	64	8
3820					64
3821	4	0x008e	64802	4	8
3822					4
3823	4	0x008e	16674	2	8
3824					2
3825	4	0x0082	0	8	16
3826					0
3831	4	0x008e	290	64	8
3832					64
3833	4	0x008e	16418	64	8
3834					64
3835	4	0x008e	32546	64	8
3836					64
3837	4	0x008e	48674	64	8
3838					64
3839	4	0x008e	64802	4	8
3840					4
3841	4	0x008e	16674	2	8
3842					2
3843	4	0x0082	0	8	16
3844					0
3849	4	0x008e	290	64	8
3850					64
3851	4	0x008e	16418	64	8
3852					64
3853	4	0x008e	32546	64	8
3854					64
3855	4	0x008e	48674	64	8
3856					64
3857	4	0x008e	64802	4	8
3858					4
3859	4	0x008e	16674	2	8
3860					2
3861	4	0x0082	0	8	16
3862					0
3867	4	0x008e	290	64	8
3868					64
3869	4	0x008e	16418	64	8
3870					64
3871	4	0x008e	32546	64	8
3872					64
3873	4	0x008e	48674	64	8
3874					64
3875	4	0x008e	64802	4	8
3876					4
3877	4	0x008e	16674	2	8
3878					2
3879	4	0x0082	0	8	16
3880					0
3885	4	0x008e	290	64	8
3886					64
3887	4	0x008e	16418	64	8
3888					64
3889	4	0x008e	32546	64	8
3890					64
3891	4	0x008e	48674	64	8
3892					64
3893	4	0x008e	64802	4	8
3894					4
3895	4	0x008e	16674	2	8
3896					2
3897	4	0x0082	0	8	16
3898					0
3903	4	0x008e	290	64	8
3904					64
3905	4	0x008e	16418	64	8
3906					64
3907	4	0x008e	32546	64	8
3908					64
3909	4	0x008e	48674	64	8
3910					64
3911	4	0x008e	64802	4	8
3912					4
3913	4	0x008e	16674	2	8
3914					2
3915	4	0x0082	0	8	16
3916					0
3921	4	0x008e	290	64	8
3922					64
3923	4	0x008e	16418	64	8
3924					64
3925	4	0x008e	32546	64	8
3926					64
3927	4	0x008e	48674	64	8
3928					64
3929	4	0x008e	64802	4	8
3930					4
3931	4	0x008e	16674	2	8
3932					2
3933	4	0x0082	0	8	16
3934					0
3939	4	0x008e	290	64	8
3940					64
3941	4	0x008e	16418	64	8
3942					64
3943	4	0x008e	32546	64	8
3944					64
3945	4	0x008e	48674	64	8
3946					64
3947	4	0x008e	64802	4	8
3948					4
3949	4	0x008e	16674	2	8
3950					2
3951	4	0x0082	0	8	16
3952					0
3957	4	0x008e	290	64	8
3958					64
3959	4	0x008e	16418	64	8
3960					64
3961	4	0x008e	32546	64	8
3962					64
3963	4	0x008e	48674	64	8
3964					64
3965	4	0x008e	64802	4	8
3966					4
3967	4	0x008e	16674	2	8
3968					2
3969	4	0x0082	0	8	16
3970					0
3975	4	0x008e	290	64	8
3976					64
3977	4	0x008e	16418	64	8
3978					64
3979	4	0x008e	32546	64	8
3980					64
3981	4	0x008e	48674	64	8
3982					64
3983	4	0x008e	64802	4	8
3984					4
3985	4	0x008e	16674	2	8
3986					2
3987	4	0x0082	0	8	16
3988					0
3993	4	0x008e	290	64	8
3994					64
3995	4	0x008e	16418	64	8
3996					64
3997	4	0x008e	32546	64	8
3998					64
3999	4	0x008e	48674	64	8
4000					64
4001	4	0x008e	64802	4	8
4002					4
4003	4	0x008e	16674	2	8
4004					2
4005	4	0x0082	0	8	16
4006					0
4011	4	0x008e	290	64	8
4012					64
4013	4	0x008e	16418	64	8
4014					64
4015	4	0x008e	32546	64	8
4016					64
4017	4	0x008e	48674	64	8
4018					64
4019	4	0x008e	64802	4	8
4020					4
4021	4	0x008e	16674	2	8
4022					2
4023	4	0x0082	0	8	16
4024					0
4029	4	0x008e	290	64	8
4030					64
4031	4	0x008e	16418	64	8
4032					64
4033	4	0x008e	32546	64	8
4034					64
4035	4	0x008e	48674	64	8
4036					64
4037	4	0x008e	64802	4	8
4038					4
4039	4	0x008e	16674	2	8
4040					2
4041	4	0x0082	0	8	16
4042					0
4047	4	0x008e	290	64	8
4048					64
4049	4	0x008e	16418	64	8
4050					64
4051	4	0x008e	32546	64	8
4052					64
4053	4	0x008e	48674	64	8
4054					64
4055	4	0x008e	64802	4	8
4056					4
4057	4	0x008e	16674	2	8
4058					2
4059	4	0x0082	0	8	16
4060					0
4065	4	0x008e	290	64	8
4066					64
4067	4	0x008e	16418	64	8
4068					64
4069	4	0x008e	32546	64	8
4070					64
4071	4	0x008e	48674	64	8
4072					64
4073	4	0x008e	64802	4	8
4074					4
4075	4	0x008e	16674	2	8
4076					2
4077	4	0x0082	0	8	16
4078					0
4083	4	0x008e	290	64	8
4084					64
4085	4	0x008e	16418	64	8
4086					64
4087	4	0x008e	32546	64	8
4088					64
4089	4	0x008e	48674	64	8
4090					64
4091	4	0x008e	64802	4	8
4092					4
4093	4	0x008e	16674	2	8
4094					2
4095	4	0x0082	0	8	16
4096					0
4101	4	0x008e	290	64	8
4102					64
4103	4	0x008e	16418	64	8
4104					64
4105	4	0x008e	32546	64	8
4106					64
4107	4	0x008e	48674	64	8
4108					64
4109	4	0x008e	64802	4	8
4110					4
4111	4	0x008e	16674	2	8
4112					2
4113	4	0x0082	0	8	16
4114					0
4119	4	0x008e	290	64	8
4120					64
4121	4	0x008e	16418	64	8
4122					64
4123	4	0x008e	32546	64	8
4124					64
4125	4	0x008e	48674	64	8
4126					64
4127	4	0x008e	64802	4	8
4128					4
4129	4	0x008e	16674	2	8
4130					2
4131	4	0x0082	0	8	16
4132					0
4137	4	0x008e	290	64	8
4138					64
4139	4	0x008e	16418	64	8
4140					64
4141	4	0x008e	32546	64	8
4142					64
4143	4	0x008e	48674	64	8
4144					64
4145	4	0x008e	64802	4	8
4146					4
4147	4	0x008e	16674	2	8
4148					2
4149	4	0x0082	0	8	16
4150					0
4155	4	0x008e	290	64	8
4156					64
4157	4	0x008e	16418	64	8
4158					64
4159	4	0x008e	32546	64	8
4160					64
4161	4	0x008e	48674	64	8
4162					64
4163	4	0x008e	64802	4	8
4164					4
4165	4	0x008e	16674	2	8
4166					2
4167	4	0x0082	0	8	16
4168					0
4173	4	0x008e	290	64	8
4174					64
4175	4	0x008e	16418	64	8
4176					64
4177	4	0x008e	32546	64	8
4178					64
4179	4	0x008e	48674	64	8
4180					64
4181	4	0x008e	64802	4	8
4182					4
4183	4	0x008e	16674	2	8
4184					2
4185	4	0x0082	0	8	16
4186					0
4191	4	0x008e	290	64	8
4192					64
4193	4	0x008e	16418	64	8
4194					64
4195	4	0x008e	32546	64	8
4196					64
4197	4	0x008e	48674	64	8
4198					64
4199	4	0x008e	64802	4	8
4200					4
4201	4	0x008e	16674	2	8
4202					2
4203	4	0x0082	0	8	16
4204					0
4209	4	0x008e	290	64	8
4210					64
4211	4	0x008e	16418	64	8
4212					64
4213	4	0x008e	32546	64	8
4214					64
4215	4	0x008e	48674	64	8
4216					64
4217	4	0x008e	64802	4	8
4218					4
4219	4	0x008e	16674	2	8
4220					2
4221	4	0x0082	0	8	16
4222					0
4227	4	0x008e	290	64	8
4228					64
4229	4	0x008e	16418	64	8
4230					64
4231	4	0x008e	32546	64	8
4232					64
4233	4	0x008e	48674	64	8
4234					64
4235	4	0x008e	64802	4	8
4236					4
4237	4	0x008e	16674	2	8
4238					2
4239	4	0x0082	0	8	16
4240					0
4245	4	0x008e	290	64	8
4246					64
4247	4	0x008e	16418	64	8
4248					64
4249	4	0x008e	32546	64	8
4250					64
4251	4	0x008e	48674	64	8
4252					64
4253	4	0x008e	64802	4	8
4254					4
4255	4	0x008e	16674	2	8
4256					2
4257	4	0x0083	0	2	10
4258					0
4259	4	0x0083	0	2	10
4260					0
4261	4	0x0083	0	6	14
4262					0
4263	4	0x0083	0	2	10
4264					0
4265	4	0x008e	16674	2	8
4266					2
4267	4	0x008e	18466	4	8
4268					4
4269	4	0x0083	0	2	10
4270					0
4271	4	0x0083	0	2	10
4272					0
4273	4	0x008e	290	64	8
4274					64
4275	4	0x008e	16418	64	8
4276					64
4277	4	0x008e	32546	64	8
4278					64
4279	4	0x008e	48674	64	8
4280					64
4281	4	0x008e	64802	4	8
4282					4
4283	4	0x008e	16674	2	8
4284					2
4285	4	0x008e	19234	4	8
4286					4
4287	4	0x008e	290	64	8
4288					64
4289	4	0x008e	16418	64	8
4290					64
4291	4	0x008e	32546	64	8
4292					64
4293	4	0x008e	48674	64	8
4294					64
4295	4	0x008e	64802	4	8
4296					4
4297	4	0x008e	16674	2	8
4298					2
4299	4	0x0083	0	2	10
4300					0
4301	4	0x0083	0	2	10
4302					0
4303	4	0x0083	0	2	10
4304					0
4305	4	0x0083	0	2	10
4306					0
4307	4	0x0083	0	2	10
4308					0
4309	4	0x0083	0	2	10
4310					0
4311	4	0x0083	0	2	10
4312					0
4313	4	0x008e	290	64	8
4314					64
4315	4	0x008e	16418	64	8
4316					64
4317	4	0x008e	32546	64	8
4318					64
4319	4	0x008e	48674	64	8
4320					64
4321	4	0x008e	64802	4	8
4322					4
4323	4	0x0083	0	2	10
4324					0
4325	12	0x008c	16	1	9
4326					0
4327	12	0x008c	19	1	9
4328					0
4329	4	0x0083	0	64	72
4330					0
4331	4	0x0083	0	64	72
4332					0
4333	4	0x0083	0	64	72
4334					0
4335	4	0x0083	0	8	16
4336					0
4337	4	0x0083	0	54	62
4338					0
4339	4	0x0084	57862	4	8
4340					4
4341	4	0x008e	290	64	8
4342					64
4343	4	0x008e	16418	64	8
4344					64
4345	4	0x008e	32546	64	8
4346					64
4347	4	0x008e	48674	64	8
4348					64
4349	4	0x008e	64802	4	8
4350					4
4351	4	0x008e	16674	2	8
4352					2
4353	4	0x008e	2594	2	8
4354					2
4355	4	0x0083	0	2	10
4356					0
4357	4	0x008e	16418	2	8
4358					2
4359	4	0x0083	0	2	10
4360					0
4361	4	0x0083	0	2	10
4362					0
4363	4	0x0083	0	2	10
4364					0
4365	4	0x0083	0	2	10
4366					0
4367	4	0x0083	0	2	10
4368					0
