7	6			18	8
8					18
9	6			39	8
10					39
11	9		0	0	8
12					0
33	4	0x008e	290	64	8
34					64
35	4	0x008e	16418	64	8
36					64
37	4	0x008e	32546	64	8
38					64
39	4	0x008e	48674	64	8
40					64
41	4	0x008e	64802	4	8
42					4
43	4	0x0083	0	2	10
44					0
45	4	0x0083	0	2	10
46					0
47	4	0x0083	0	2	10
48					0
49	4	0x0083	0	2	10
50					0
51	4	0x0083	0	2	10
52					0
53	4	0x0083	0	2	10
54					0
55	4	0x0083	0	2	10
56					0
57	4	0x008e	16674	2	8
58					2
59	4	0x0083	0	2	10
60					0
61	12	0x008c	16	1	9
62					0
63	12	0x008c	19	1	9
64					0
65	4	0x0082	1	8	16
66					0
69	12	0x008e	11	1	8
70					1
71	4	0x0083	0	2	10
72					0
73	4	0x0083	0	6	14
74					0
75	4	0x0083	0	2	10
76					0
77	4	0x0083	0	64	72
78					0
79	4	0x0083	0	64	72
80					0
81	4	0x0083	0	64	72
82					0
83	4	0x0083	0	8	16
84					0
85	4	0x0083	0	54	62
86					0
87	4	0x0083	0	2	10
88					0
89	12	0x008c	16	1	9
90					0
91	12	0x008c	19	1	9
92					0
93	4	0x0084	57862	4	8
94					4
95	4	0x008e	290	64	8
96					64
97	4	0x008e	16418	64	8
98					64
99	4	0x008e	32546	64	8
100					64
101	4	0x008e	48674	64	8
102					64
103	4	0x008e	64802	4	8
104					4
105	4	0x008e	16674	2	8
106					2
107	4	0x008e	2594	2	8
108					2
109	4	0x0083	0	2	10
110					0
111	4	0x008e	16418	2	8
112					2
113	4	0x0083	0	2	10
114					0
115	4	0x0083	0	2	10
116					0
117	4	0x0083	0	2	10
118					0
119	4	0x0083	0	2	10
120					0
121	4	0x0083	0	2	10
122					0
123	4	0x008e	290	64	8
124					64
125	4	0x008e	16418	64	8
126					64
127	4	0x008e	32546	64	8
128					64
129	4	0x008e	48674	64	8
130					64
131	4	0x008e	64802	4	8
132					4
133	4	0x0083	0	2	10
134					0
135	12	0x008c	16	1	9
136					0
137	12	0x008c	19	1	9
138					0
139	4	0x0083	0	64	72
140					0
141	4	0x0083	0	64	72
142					0
143	4	0x0083	0	64	72
144					0
145	4	0x0083	0	8	16
146					0
147	4	0x0083	0	54	62
148					0
149	4	0x0084	57862	4	8
150					4
151	4	0x008e	290	64	8
152					64
153	4	0x008e	16418	64	8
154					64
155	4	0x008e	32546	64	8
156					64
157	4	0x008e	48674	64	8
158					64
159	4	0x008e	64802	4	8
160					4
161	4	0x008e	16674	2	8
162					2
163	4	0x008e	2594	2	8
164					2
165	4	0x0083	0	2	10
166					0
167	4	0x008e	16418	2	8
168					2
169	4	0x0083	0	2	10
170					0
171	4	0x0083	0	2	10
172					0
173	4	0x0083	0	2	10
174					0
175	4	0x0083	0	2	10
176					0
177	4	0x0083	0	2	10
178					0
179	4	0x008e	290	64	8
180					64
181	4	0x008e	16418	64	8
182					64
183	4	0x008e	32546	64	8
184					64
185	4	0x008e	48674	64	8
186					64
187	4	0x008e	64802	4	8
188					4
189	4	0x0083	0	2	10
190					0
191	12	0x008c	16	1	9
192					0
193	12	0x008c	19	1	9
194					0
195	4	0x0083	0	64	72
196					0
197	4	0x0083	0	64	72
198					0
199	4	0x0083	0	64	72
200					0
201	4	0x0083	0	8	16
202					0
203	4	0x0083	0	54	62
204					0
205	4	0x0084	57862	4	8
206					4
207	4	0x008e	290	64	8
208					64
209	4	0x008e	16418	64	8
210					64
211	4	0x008e	32546	64	8
212					64
213	4	0x008e	48674	64	8
214					64
215	4	0x008e	64802	4	8
216					4
217	4	0x008e	16674	2	8
218					2
219	4	0x008e	2594	2	8
220					2
221	4	0x0083	0	2	10
222					0
223	4	0x008e	16418	2	8
224					2
225	4	0x008e	290	64	8
226					64
227	4	0x008e	16418	64	8
228					64
229	4	0x008e	32546	64	8
230					64
231	4	0x008e	48674	64	8
232					64
233	4	0x008e	64802	4	8
234					4
235	4	0x008e	16674	2	8
236					2
237	12	0x008e	11	1	8
238					1
239	4	0x0083	0	64	72
240					0
241	4	0x0083	0	64	72
242					0
243	4	0x0083	0	64	72
244					0
245	4	0x0083	0	8	16
246					0
247	4	0x0083	0	54	62
248					0
249	4	0x0083	0	54	62
250					0
251	4	0x0083	0	60	68
252					0
253	4	0x0083	0	2	10
254					0
255	12	0x008c	16	1	9
256					0
257	12	0x008c	19	1	9
258					0
259	4	0x008e	290	64	8
260					64
261	4	0x008e	16418	64	8
262					64
263	4	0x008e	32546	64	8
264					64
265	4	0x008e	48674	64	8
266					64
267	4	0x008e	64802	4	8
268					4
269	4	0x0083	0	2	10
270					0
271	4	0x0083	0	2	10
272					0
273	4	0x0083	0	2	10
274					0
275	4	0x0083	0	4	12
276					0
277	4	0x0083	0	4	12
278					0
279	4	0x0083	0	4	12
280					0
281	4	0x0083	0	4	12
282					0
283	4	0x0083	0	4	12
284					0
285	4	0x0083	0	4	12
286					0
287	4	0x0083	0	4	12
288					0
289	4	0x0083	0	4	12
290					0
291	4	0x0083	0	4	12
292					0
293	4	0x0083	0	4	12
294					0
295	4	0x0083	0	4	12
296					0
297	4	0x0083	0	4	12
298					0
299	4	0x0083	0	2	10
300					0
301	4	0x008e	290	64	8
302					64
303	4	0x008e	16418	64	8
304					64
305	4	0x008e	32546	64	8
306					64
307	4	0x008e	48674	64	8
308					64
309	4	0x008e	64802	4	8
310					4
311	4	0x008e	16674	2	8
312					2
313	4	0x008e	290	64	8
314					64
315	4	0x008e	16418	64	8
316					64
317	4	0x008e	32546	64	8
318					64
319	4	0x008e	48674	64	8
320					64
321	4	0x008e	64802	4	8
322					4
323	4	0x008e	16674	2	8
324					2
325	4	0x008e	290	64	8
326					64
327	4	0x008e	16418	64	8
328					64
329	4	0x008e	32546	64	8
330					64
331	4	0x008e	48674	64	8
332					64
333	4	0x008e	64802	4	8
334					4
335	4	0x008e	16674	2	8
336					2
337	4	0x0084	57952	16	8
338					16
339	4	0x0083	0	64	72
340					0
341	4	0x0083	0	64	72
342					0
343	4	0x0083	0	64	72
344					0
345	4	0x0083	0	8	16
346					0
347	4	0x0083	0	54	62
348					0
349	4	0x0083	0	54	62
350					0
351	4	0x0083	0	60	68
352					0
353	4	0x0083	0	2	10
354					0
355	12	0x008c	16	1	9
356					0
357	12	0x008c	19	1	9
358					0
359	4	0x008e	290	64	8
360					64
361	4	0x008e	16418	64	8
362					64
363	4	0x008e	32546	64	8
364					64
365	4	0x008e	48674	64	8
366					64
367	4	0x008e	64802	4	8
368					4
369	4	0x0083	0	2	10
370					0
371	4	0x0083	0	2	10
372					0
373	4	0x0083	0	2	10
374					0
375	4	0x0083	0	4	12
376					0
377	4	0x0083	0	4	12
378					0
379	4	0x0083	0	4	12
380					0
381	4	0x0083	0	4	12
382					0
383	4	0x0083	0	4	12
384					0
385	4	0x0083	0	4	12
386					0
387	4	0x0083	0	4	12
388					0
389	4	0x0083	0	4	12
390					0
391	4	0x0083	0	4	12
392					0
393	4	0x0083	0	4	12
394					0
395	4	0x0083	0	4	12
396					0
397	4	0x0083	0	4	12
398					0
399	4	0x0083	0	2	10
400					0
401	4	0x0083	0	2	10
402					0
403	4	0x0083	0	2	10
404					0
405	4	0x0083	0	36	44
406					0
407	4	0x0083	0	2	10
408					0
409	4	0x0083	0	2	10
410					0
411	4	0x0083	0	2	10
412					0
413	4	0x0083	0	4	12
414					0
415	4	0x0083	0	4	12
416					0
417	4	0x0083	0	4	12
418					0
419	4	0x0083	0	4	12
420					0
421	4	0x0083	0	4	12
422					0
423	4	0x0083	0	4	12
424					0
425	4	0x0083	0	4	12
426					0
427	4	0x0083	0	4	12
428					0
429	4	0x0083	0	4	12
430					0
431	4	0x0083	0	4	12
432					0
433	4	0x0083	0	4	12
434					0
435	4	0x0083	0	4	12
436					0
437	4	0x0083	0	2	10
438					0
439	4	0x0083	0	2	10
440					0
441	4	0x0083	0	2	10
442					0
443	4	0x0083	0	2	10
444					0
445	4	0x0084	57968	16	8
446					16
447	4	0x0084	57952	16	8
448					16
449	4	0x0083	0	36	44
450					0
451	4	0x0082	1	8	16
452					0
455	4	0x0082	1	8	16
456					0
459	4	0x0082	1	8	16
460					0
463	4	0x0083	0	2	10
464					0
465	4	0x0083	0	2	10
466					0
467	4	0x0083	0	2	10
468					0
469	4	0x0083	0	2	10
470					0
471	4	0x0083	0	2	10
472					0
473	4	0x0083	0	2	10
474					0
475	4	0x0083	0	2	10
476					0
477	4	0x0083	0	2	10
478					0
479	4	0x008e	290	64	8
480					64
481	4	0x008e	16418	64	8
482					64
483	4	0x008e	32546	64	8
484					64
485	4	0x008e	48674	64	8
486					64
487	4	0x008e	64802	4	8
488					4
489	4	0x008e	16674	2	8
490					2
491	4	0x0083	0	2	10
492					0
493	4	0x0083	0	2	10
494					0
495	4	0x0083	0	2	10
496					0
497	4	0x008e	290	64	8
498					64
499	4	0x008e	16418	64	8
500					64
501	4	0x008e	32546	64	8
502					64
503	4	0x008e	48674	64	8
504					64
505	4	0x008e	64802	4	8
506					4
507	4	0x008e	16674	2	8
508					2
509	4	0x0083	0	2	10
510					0
511	4	0x0083	0	2	10
512					0
513	4	0x0083	0	2	10
514					0
515	4	0x0083	0	2	10
516					0
517	4	0x0083	0	2	10
518					0
519	4	0x0083	0	2	10
520					0
521	4	0x0083	0	2	10
522					0
523	4	0x0082	1	8	16
524					0
527	4	0x0082	1	8	16
528					0
531	4	0x0082	1	8	16
532					0
535	4	0x008e	16674	2	8
536					2
537	12	0x008e	28	1	8
538					1
539	4	0x008e	18466	4	8
540					4
541	4	0x0083	0	40	48
542					0
543	4	0x0083	0	10	18
544					0
545	4	0x0083	0	2	10
546					0
547	4	0x0083	0	2	10
548					0
549	4	0x0082	1	8	16
550					0
553	4	0x0082	1	8	16
554					0
557	4	0x0083	0	6	14
558					0
559	4	0x0083	0	4	12
560					0
561	4	0x0083	0	4	12
562					0
563	4	0x0083	0	4	12
564					0
565	4	0x0083	0	2	10
566					0
567	4	0x0083	0	2	10
568					0
569	4	0x0083	0	2	10
570					0
571	4	0x0083	0	2	10
572					0
573	4	0x0083	0	2	10
574					0
575	4	0x0082	1	8	16
576					0
579	4	0x0083	0	46	54
580					0
581	4	0x0083	0	2	10
582					0
583	4	0x0083	0	2	10
584					0
585	4	0x008e	16418	3	8
586					3
587	4	0x0083	0	2	10
588					0
589	4	0x0083	0	16	24
590					0
591	4	0x0083	0	2	10
592					0
593	4	0x0083	0	2	10
594					0
595	4	0x0083	0	2	10
596					0
597	4	0x0083	0	2	10
598					0
599	4	0x0083	0	2	10
600					0
601	4	0x0083	0	2	10
602					0
603	4	0x0083	0	2	10
604					0
605	4	0x0083	0	2	10
606					0
607	4	0x008e	290	64	8
608					64
609	4	0x008e	16418	64	8
610					64
611	4	0x008e	32546	64	8
612					64
613	4	0x008e	48674	64	8
614					64
615	4	0x008e	64802	4	8
616					4
617	4	0x008e	16674	2	8
618					2
619	4	0x008e	16418	3	8
620					3
621	4	0x008e	16930	4	8
622					4
623	4	0x0082	0	8	16
624					0
629	4	0x008e	16418	2	8
630					2
631	4	0x008e	290	64	8
632					64
633	4	0x008e	16418	64	8
634					64
635	4	0x008e	32546	64	8
636					64
637	4	0x008e	48674	64	8
638					64
639	4	0x008e	64802	4	8
640					4
641	4	0x008e	16674	2	8
642					2
643	4	0x0082	0	8	16
644					0
649	4	0x008e	16418	2	8
650					2
651	4	0x008e	290	64	8
652					64
653	4	0x008e	16418	64	8
654					64
655	4	0x008e	32546	64	8
656					64
657	4	0x008e	48674	64	8
658					64
659	4	0x008e	64802	4	8
660					4
661	4	0x008e	16674	2	8
662					2
663	4	0x0082	0	8	16
664					0
669	4	0x008e	16418	2	8
670					2
671	4	0x008e	290	64	8
672					64
673	4	0x008e	16418	64	8
674					64
675	4	0x008e	32546	64	8
676					64
677	4	0x008e	48674	64	8
678					64
679	4	0x008e	64802	4	8
680					4
681	4	0x008e	16674	2	8
682					2
683	4	0x0082	0	8	16
684					0
689	4	0x008e	16418	2	8
690					2
691	4	0x008e	290	64	8
692					64
693	4	0x008e	16418	64	8
694					64
695	4	0x008e	32546	64	8
696					64
697	4	0x008e	48674	64	8
698					64
699	4	0x008e	64802	4	8
700					4
701	4	0x008e	16674	2	8
702					2
703	4	0x0082	0	8	16
704					0
709	4	0x008e	16418	2	8
710					2
711	4	0x008e	290	64	8
712					64
713	4	0x008e	16418	64	8
714					64
715	4	0x008e	32546	64	8
716					64
717	4	0x008e	48674	64	8
718					64
719	4	0x008e	64802	4	8
720					4
721	4	0x008e	16674	2	8
722					2
723	4	0x0082	0	8	16
724					0
729	4	0x008e	16418	2	8
730					2
731	4	0x008e	290	64	8
732					64
733	4	0x008e	16418	64	8
734					64
735	4	0x008e	32546	64	8
736					64
737	4	0x008e	48674	64	8
738					64
739	4	0x008e	64802	4	8
740					4
741	4	0x008e	16674	2	8
742					2
743	4	0x0082	0	8	16
744					0
749	4	0x008e	16418	2	8
750					2
751	4	0x008e	290	64	8
752					64
753	4	0x008e	16418	64	8
754					64
755	4	0x008e	32546	64	8
756					64
757	4	0x008e	48674	64	8
758					64
759	4	0x008e	64802	4	8
760					4
761	4	0x008e	16674	2	8
762					2
763	4	0x0082	0	8	16
764					0
769	4	0x008e	16418	2	8
770					2
771	4	0x008e	290	64	8
772					64
773	4	0x008e	16418	64	8
774					64
775	4	0x008e	32546	64	8
776					64
777	4	0x008e	48674	64	8
778					64
779	4	0x008e	64802	4	8
780					4
781	4	0x008e	16674	2	8
782					2
783	4	0x0082	0	8	16
784					0
789	4	0x008e	16418	2	8
790					2
791	4	0x008e	290	64	8
792					64
793	4	0x008e	16418	64	8
794					64
795	4	0x008e	32546	64	8
796					64
797	4	0x008e	48674	64	8
798					64
799	4	0x008e	64802	4	8
800					4
801	4	0x008e	16674	2	8
802					2
803	4	0x0082	0	8	16
804					0
809	4	0x008e	16418	2	8
810					2
811	4	0x008e	290	64	8
812					64
813	4	0x008e	16418	64	8
814					64
815	4	0x008e	32546	64	8
816					64
817	4	0x008e	48674	64	8
818					64
819	4	0x008e	64802	4	8
820					4
821	4	0x008e	16674	2	8
822					2
823	4	0x0082	0	8	16
824					0
829	4	0x008e	16418	2	8
830					2
831	4	0x008e	290	64	8
832					64
833	4	0x008e	16418	64	8
834					64
835	4	0x008e	32546	64	8
836					64
837	4	0x008e	48674	64	8
838					64
839	4	0x008e	64802	4	8
840					4
841	4	0x008e	16674	2	8
842					2
843	4	0x0082	0	8	16
844					0
849	4	0x008e	16418	2	8
850					2
851	4	0x008e	290	64	8
852					64
853	4	0x008e	16418	64	8
854					64
855	4	0x008e	32546	64	8
856					64
857	4	0x008e	48674	64	8
858					64
859	4	0x008e	64802	4	8
860					4
861	4	0x008e	16674	2	8
862					2
863	4	0x0082	0	8	16
864					0
869	4	0x008e	16418	2	8
870					2
871	4	0x008e	290	64	8
872					64
873	4	0x008e	16418	64	8
874					64
875	4	0x008e	32546	64	8
876					64
877	4	0x008e	48674	64	8
878					64
879	4	0x008e	64802	4	8
880					4
881	4	0x008e	16674	2	8
882					2
883	4	0x0082	0	8	16
884					0
889	4	0x008e	16418	2	8
890					2
891	4	0x008e	290	64	8
892					64
893	4	0x008e	16418	64	8
894					64
895	4	0x008e	32546	64	8
896					64
897	4	0x008e	48674	64	8
898					64
899	4	0x008e	64802	4	8
900					4
901	4	0x008e	16674	2	8
902					2
903	4	0x0082	0	8	16
904					0
909	4	0x008e	16418	2	8
910					2
911	4	0x008e	290	64	8
912					64
913	4	0x008e	16418	64	8
914					64
915	4	0x008e	32546	64	8
916					64
917	4	0x008e	48674	64	8
918					64
919	4	0x008e	64802	4	8
920					4
921	4	0x008e	16674	2	8
922					2
923	4	0x0082	0	8	16
924					0
929	4	0x008e	16418	2	8
930					2
931	4	0x008e	290	64	8
932					64
933	4	0x008e	16418	64	8
934					64
935	4	0x008e	32546	64	8
936					64
937	4	0x008e	48674	64	8
938					64
939	4	0x008e	64802	4	8
940					4
941	4	0x008e	16674	2	8
942					2
943	4	0x0082	0	8	16
944					0
949	4	0x008e	16418	2	8
950					2
951	4	0x008e	290	64	8
952					64
953	4	0x008e	16418	64	8
954					64
955	4	0x008e	32546	64	8
956					64
957	4	0x008e	48674	64	8
958					64
959	4	0x008e	64802	4	8
960					4
961	4	0x008e	16674	2	8
962					2
963	4	0x0082	0	8	16
964					0
969	4	0x008e	16418	2	8
970					2
971	4	0x008e	290	64	8
972					64
973	4	0x008e	16418	64	8
974					64
975	4	0x008e	32546	64	8
976					64
977	4	0x008e	48674	64	8
978					64
979	4	0x008e	64802	4	8
980					4
981	4	0x008e	16674	2	8
982					2
983	4	0x0082	0	8	16
984					0
989	4	0x008e	16418	2	8
990					2
991	4	0x008e	290	64	8
992					64
993	4	0x008e	16418	64	8
994					64
995	4	0x008e	32546	64	8
996					64
997	4	0x008e	48674	64	8
998					64
999	4	0x008e	64802	4	8
1000					4
1001	4	0x008e	16674	2	8
1002					2
1003	4	0x0082	0	8	16
1004					0
1009	4	0x008e	16418	2	8
1010					2
1011	4	0x008e	290	64	8
1012					64
1013	4	0x008e	16418	64	8
1014					64
1015	4	0x008e	32546	64	8
1016					64
1017	4	0x008e	48674	64	8
1018					64
1019	4	0x008e	64802	4	8
1020					4
1021	4	0x008e	16674	2	8
1022					2
1023	4	0x0082	0	8	16
1024					0
1029	4	0x008e	16418	2	8
1030					2
1031	4	0x008e	290	64	8
1032					64
1033	4	0x008e	16418	64	8
1034					64
1035	4	0x008e	32546	64	8
1036					64
1037	4	0x008e	48674	64	8
1038					64
1039	4	0x008e	64802	4	8
1040					4
1041	4	0x008e	16674	2	8
1042					2
1043	4	0x0082	0	8	16
1044					0
1049	4	0x008e	16418	2	8
1050					2
1051	4	0x008e	290	64	8
1052					64
1053	4	0x008e	16418	64	8
1054					64
1055	4	0x008e	32546	64	8
1056					64
1057	4	0x008e	48674	64	8
1058					64
1059	4	0x008e	64802	4	8
1060					4
1061	4	0x008e	16674	2	8
1062					2
1063	4	0x0082	0	8	16
1064					0
1069	4	0x008e	16418	2	8
1070					2
1071	4	0x008e	290	64	8
1072					64
1073	4	0x008e	16418	64	8
1074					64
1075	4	0x008e	32546	64	8
1076					64
1077	4	0x008e	48674	64	8
1078					64
1079	4	0x008e	64802	4	8
1080					4
1081	4	0x008e	16674	2	8
1082					2
1083	4	0x0082	0	8	16
1084					0
1089	4	0x008e	16418	2	8
1090					2
1091	4	0x008e	290	64	8
1092					64
1093	4	0x008e	16418	64	8
1094					64
1095	4	0x008e	32546	64	8
1096					64
1097	4	0x008e	48674	64	8
1098					64
1099	4	0x008e	64802	4	8
1100					4
1101	4	0x008e	16674	2	8
1102					2
1103	4	0x0082	0	8	16
1104					0
1109	4	0x008e	16418	2	8
1110					2
1111	4	0x008e	290	64	8
1112					64
1113	4	0x008e	16418	64	8
1114					64
1115	4	0x008e	32546	64	8
1116					64
1117	4	0x008e	48674	64	8
1118					64
1119	4	0x008e	64802	4	8
1120					4
1121	4	0x008e	16674	2	8
1122					2
1123	4	0x0082	0	8	16
1124					0
1129	4	0x008e	16418	2	8
1130					2
1131	4	0x008e	290	64	8
1132					64
1133	4	0x008e	16418	64	8
1134					64
1135	4	0x008e	32546	64	8
1136					64
1137	4	0x008e	48674	64	8
1138					64
1139	4	0x008e	64802	4	8
1140					4
1141	4	0x008e	16674	2	8
1142					2
1143	4	0x0082	0	8	16
1144					0
1149	4	0x008e	16418	2	8
1150					2
1151	4	0x008e	290	64	8
1152					64
1153	4	0x008e	16418	64	8
1154					64
1155	4	0x008e	32546	64	8
1156					64
1157	4	0x008e	48674	64	8
1158					64
1159	4	0x008e	64802	4	8
1160					4
1161	4	0x008e	16674	2	8
1162					2
1163	4	0x0082	0	8	16
1164					0
1169	4	0x008e	16418	2	8
1170					2
1171	4	0x008e	290	64	8
1172					64
1173	4	0x008e	16418	64	8
1174					64
1175	4	0x008e	32546	64	8
1176					64
1177	4	0x008e	48674	64	8
1178					64
1179	4	0x008e	64802	4	8
1180					4
1181	4	0x008e	16674	2	8
1182					2
1183	4	0x0082	0	8	16
1184					0
1189	4	0x008e	16418	2	8
1190					2
1191	4	0x008e	290	64	8
1192					64
1193	4	0x008e	16418	64	8
1194					64
1195	4	0x008e	32546	64	8
1196					64
1197	4	0x008e	48674	64	8
1198					64
1199	4	0x008e	64802	4	8
1200					4
1201	4	0x008e	16674	2	8
1202					2
1203	4	0x0082	0	8	16
1204					0
1209	4	0x008e	16418	2	8
1210					2
1211	4	0x008e	290	64	8
1212					64
1213	4	0x008e	16418	64	8
1214					64
1215	4	0x008e	32546	64	8
1216					64
1217	4	0x008e	48674	64	8
1218					64
1219	4	0x008e	64802	4	8
1220					4
1221	4	0x008e	16674	2	8
1222					2
1223	4	0x0082	0	8	16
1224					0
1229	4	0x008e	16418	2	8
1230					2
1231	4	0x008e	290	64	8
1232					64
1233	4	0x008e	16418	64	8
1234					64
1235	4	0x008e	32546	64	8
1236					64
1237	4	0x008e	48674	64	8
1238					64
1239	4	0x008e	64802	4	8
1240					4
1241	4	0x008e	16674	2	8
1242					2
1243	4	0x0082	0	8	16
1244					0
1249	4	0x008e	16418	2	8
1250					2
1251	4	0x008e	290	64	8
1252					64
1253	4	0x008e	16418	64	8
1254					64
1255	4	0x008e	32546	64	8
1256					64
1257	4	0x008e	48674	64	8
1258					64
1259	4	0x008e	64802	4	8
1260					4
1261	4	0x008e	16674	2	8
1262					2
1263	4	0x0082	0	8	16
1264					0
1269	4	0x008e	16418	2	8
1270					2
1271	4	0x008e	290	64	8
1272					64
1273	4	0x008e	16418	64	8
1274					64
1275	4	0x008e	32546	64	8
1276					64
1277	4	0x008e	48674	64	8
1278					64
1279	4	0x008e	64802	4	8
1280					4
1281	4	0x008e	16674	2	8
1282					2
1283	4	0x0082	0	8	16
1284					0
1289	4	0x008e	16418	2	8
1290					2
1291	4	0x008e	290	64	8
1292					64
1293	4	0x008e	16418	64	8
1294					64
1295	4	0x008e	32546	64	8
1296					64
1297	4	0x008e	48674	64	8
1298					64
1299	4	0x008e	64802	4	8
1300					4
1301	4	0x008e	16674	2	8
1302					2
1303	4	0x0082	0	8	16
1304					0
1309	4	0x008e	16418	2	8
1310					2
1311	4	0x008e	290	64	8
1312					64
1313	4	0x008e	16418	64	8
1314					64
1315	4	0x008e	32546	64	8
1316					64
1317	4	0x008e	48674	64	8
1318					64
1319	4	0x008e	64802	4	8
1320					4
1321	4	0x008e	16674	2	8
1322					2
1323	4	0x0082	0	8	16
1324					0
1329	4	0x008e	16418	2	8
1330					2
1331	4	0x008e	290	64	8
1332					64
1333	4	0x008e	16418	64	8
1334					64
1335	4	0x008e	32546	64	8
1336					64
1337	4	0x008e	48674	64	8
1338					64
1339	4	0x008e	64802	4	8
1340					4
1341	4	0x008e	16674	2	8
1342					2
1343	4	0x0082	0	8	16
1344					0
1349	4	0x008e	16418	2	8
1350					2
1351	4	0x008e	290	64	8
1352					64
1353	4	0x008e	16418	64	8
1354					64
1355	4	0x008e	32546	64	8
1356					64
1357	4	0x008e	48674	64	8
1358					64
1359	4	0x008e	64802	4	8
1360					4
1361	4	0x008e	16674	2	8
1362					2
1363	4	0x0082	0	8	16
1364					0
1369	4	0x008e	16418	2	8
1370					2
1371	4	0x008e	290	64	8
1372					64
1373	4	0x008e	16418	64	8
1374					64
1375	4	0x008e	32546	64	8
1376					64
1377	4	0x008e	48674	64	8
1378					64
1379	4	0x008e	64802	4	8
1380					4
1381	4	0x008e	16674	2	8
1382					2
1383	4	0x0082	0	8	16
1384					0
1389	4	0x008e	16418	2	8
1390					2
1391	4	0x008e	290	64	8
1392					64
1393	4	0x008e	16418	64	8
1394					64
1395	4	0x008e	32546	64	8
1396					64
1397	4	0x008e	48674	64	8
1398					64
1399	4	0x008e	64802	4	8
1400					4
1401	4	0x008e	16674	2	8
1402					2
1403	4	0x0082	0	8	16
1404					0
1409	4	0x008e	16418	2	8
1410					2
1411	4	0x008e	290	64	8
1412					64
1413	4	0x008e	16418	64	8
1414					64
1415	4	0x008e	32546	64	8
1416					64
1417	4	0x008e	48674	64	8
1418					64
1419	4	0x008e	64802	4	8
1420					4
1421	4	0x008e	16674	2	8
1422					2
1423	4	0x0082	0	8	16
1424					0
1429	4	0x008e	16418	2	8
1430					2
1431	4	0x008e	290	64	8
1432					64
1433	4	0x008e	16418	64	8
1434					64
1435	4	0x008e	32546	64	8
1436					64
1437	4	0x008e	48674	64	8
1438					64
1439	4	0x008e	64802	4	8
1440					4
1441	4	0x008e	16674	2	8
1442					2
1443	4	0x0082	0	8	16
1444					0
1449	4	0x008e	16418	2	8
1450					2
1451	4	0x008e	290	64	8
1452					64
1453	4	0x008e	16418	64	8
1454					64
1455	4	0x008e	32546	64	8
1456					64
1457	4	0x008e	48674	64	8
1458					64
1459	4	0x008e	64802	4	8
1460					4
1461	4	0x008e	16674	2	8
1462					2
1463	4	0x0082	0	8	16
1464					0
1469	4	0x008e	16418	2	8
1470					2
1471	4	0x008e	290	64	8
1472					64
1473	4	0x008e	16418	64	8
1474					64
1475	4	0x008e	32546	64	8
1476					64
1477	4	0x008e	48674	64	8
1478					64
1479	4	0x008e	64802	4	8
1480					4
1481	4	0x008e	16674	2	8
1482					2
1483	4	0x0082	0	8	16
1484					0
1489	4	0x008e	16418	2	8
1490					2
1491	4	0x008e	290	64	8
1492					64
1493	4	0x008e	16418	64	8
1494					64
1495	4	0x008e	32546	64	8
1496					64
1497	4	0x008e	48674	64	8
1498					64
1499	4	0x008e	64802	4	8
1500					4
1501	4	0x008e	16674	2	8
1502					2
1503	4	0x0082	0	8	16
1504					0
1509	4	0x008e	16418	2	8
1510					2
1511	4	0x008e	290	64	8
1512					64
1513	4	0x008e	16418	64	8
1514					64
1515	4	0x008e	32546	64	8
1516					64
1517	4	0x008e	48674	64	8
1518					64
1519	4	0x008e	64802	4	8
1520					4
1521	4	0x008e	16674	2	8
1522					2
1523	4	0x0082	0	8	16
1524					0
1529	4	0x008e	16418	2	8
1530					2
1531	4	0x008e	290	64	8
1532					64
1533	4	0x008e	16418	64	8
1534					64
1535	4	0x008e	32546	64	8
1536					64
1537	4	0x008e	48674	64	8
1538					64
1539	4	0x008e	64802	4	8
1540					4
1541	4	0x008e	16674	2	8
1542					2
1543	4	0x0082	0	8	16
1544					0
1549	4	0x008e	16418	2	8
1550					2
1551	4	0x008e	290	64	8
1552					64
1553	4	0x008e	16418	64	8
1554					64
1555	4	0x008e	32546	64	8
1556					64
1557	4	0x008e	48674	64	8
1558					64
1559	4	0x008e	64802	4	8
1560					4
1561	4	0x008e	16674	2	8
1562					2
1563	4	0x0082	0	8	16
1564					0
1569	4	0x008e	16418	2	8
1570					2
1571	4	0x008e	290	64	8
1572					64
1573	4	0x008e	16418	64	8
1574					64
1575	4	0x008e	32546	64	8
1576					64
1577	4	0x008e	48674	64	8
1578					64
1579	4	0x008e	64802	4	8
1580					4
1581	4	0x008e	16674	2	8
1582					2
1583	4	0x0082	0	8	16
1584					0
1589	4	0x008e	16418	2	8
1590					2
1591	4	0x008e	290	64	8
1592					64
1593	4	0x008e	16418	64	8
1594					64
1595	4	0x008e	32546	64	8
1596					64
1597	4	0x008e	48674	64	8
1598					64
1599	4	0x008e	64802	4	8
1600					4
1601	4	0x008e	16674	2	8
1602					2
1603	4	0x0082	0	8	16
1604					0
1609	4	0x008e	16418	2	8
1610					2
1611	4	0x008e	290	64	8
1612					64
1613	4	0x008e	16418	64	8
1614					64
1615	4	0x008e	32546	64	8
1616					64
1617	4	0x008e	48674	64	8
1618					64
1619	4	0x008e	64802	4	8
1620					4
1621	4	0x008e	16674	2	8
1622					2
1623	4	0x0082	0	8	16
1624					0
1629	4	0x008e	16418	2	8
1630					2
1631	4	0x008e	290	64	8
1632					64
1633	4	0x008e	16418	64	8
1634					64
1635	4	0x008e	32546	64	8
1636					64
1637	4	0x008e	48674	64	8
1638					64
1639	4	0x008e	64802	4	8
1640					4
1641	4	0x008e	16674	2	8
1642					2
1643	4	0x0082	0	8	16
1644					0
1649	4	0x008e	16418	2	8
1650					2
1651	4	0x008e	290	64	8
1652					64
1653	4	0x008e	16418	64	8
1654					64
1655	4	0x008e	32546	64	8
1656					64
1657	4	0x008e	48674	64	8
1658					64
1659	4	0x008e	64802	4	8
1660					4
1661	4	0x008e	16674	2	8
1662					2
1663	4	0x0082	0	8	16
1664					0
1669	4	0x008e	16418	2	8
1670					2
1671	4	0x008e	290	64	8
1672					64
1673	4	0x008e	16418	64	8
1674					64
1675	4	0x008e	32546	64	8
1676					64
1677	4	0x008e	48674	64	8
1678					64
1679	4	0x008e	64802	4	8
1680					4
1681	4	0x008e	16674	2	8
1682					2
1683	4	0x0082	0	8	16
1684					0
1689	4	0x008e	16418	2	8
1690					2
1691	4	0x008e	290	64	8
1692					64
1693	4	0x008e	16418	64	8
1694					64
1695	4	0x008e	32546	64	8
1696					64
1697	4	0x008e	48674	64	8
1698					64
1699	4	0x008e	64802	4	8
1700					4
1701	4	0x008e	16674	2	8
1702					2
1703	4	0x0082	0	8	16
1704					0
1709	4	0x008e	16418	2	8
1710					2
1711	4	0x008e	290	64	8
1712					64
1713	4	0x008e	16418	64	8
1714					64
1715	4	0x008e	32546	64	8
1716					64
1717	4	0x008e	48674	64	8
1718					64
1719	4	0x008e	64802	4	8
1720					4
1721	4	0x008e	16674	2	8
1722					2
1723	4	0x0082	0	8	16
1724					0
1729	4	0x008e	16418	2	8
1730					2
1731	4	0x008e	290	64	8
1732					64
1733	4	0x008e	16418	64	8
1734					64
1735	4	0x008e	32546	64	8
1736					64
1737	4	0x008e	48674	64	8
1738					64
1739	4	0x008e	64802	4	8
1740					4
1741	4	0x008e	16674	2	8
1742					2
1743	4	0x0082	0	8	16
1744					0
1749	4	0x008e	16418	2	8
1750					2
1751	4	0x008e	290	64	8
1752					64
1753	4	0x008e	16418	64	8
1754					64
1755	4	0x008e	32546	64	8
1756					64
1757	4	0x008e	48674	64	8
1758					64
1759	4	0x008e	64802	4	8
1760					4
1761	4	0x008e	16674	2	8
1762					2
1763	4	0x0082	0	8	16
1764					0
1769	4	0x008e	16418	2	8
1770					2
1771	4	0x008e	290	64	8
1772					64
1773	4	0x008e	16418	64	8
1774					64
1775	4	0x008e	32546	64	8
1776					64
1777	4	0x008e	48674	64	8
1778					64
1779	4	0x008e	64802	4	8
1780					4
1781	4	0x008e	16674	2	8
1782					2
1783	4	0x0082	0	8	16
1784					0
1789	4	0x008e	16418	2	8
1790					2
1791	4	0x008e	290	64	8
1792					64
1793	4	0x008e	16418	64	8
1794					64
1795	4	0x008e	32546	64	8
1796					64
1797	4	0x008e	48674	64	8
1798					64
1799	4	0x008e	64802	4	8
1800					4
1801	4	0x008e	16674	2	8
1802					2
1803	4	0x0082	0	8	16
1804					0
1809	4	0x008e	16418	2	8
1810					2
1811	4	0x008e	290	64	8
1812					64
1813	4	0x008e	16418	64	8
1814					64
1815	4	0x008e	32546	64	8
1816					64
1817	4	0x008e	48674	64	8
1818					64
1819	4	0x008e	64802	4	8
1820					4
1821	4	0x008e	16674	2	8
1822					2
1823	4	0x0082	0	8	16
1824					0
1829	4	0x008e	16418	2	8
1830					2
1831	4	0x008e	290	64	8
1832					64
1833	4	0x008e	16418	64	8
1834					64
1835	4	0x008e	32546	64	8
1836					64
1837	4	0x008e	48674	64	8
1838					64
1839	4	0x008e	64802	4	8
1840					4
1841	4	0x008e	16674	2	8
1842					2
1843	4	0x0082	0	8	16
1844					0
1849	4	0x008e	16418	2	8
1850					2
1851	4	0x008e	290	64	8
1852					64
1853	4	0x008e	16418	64	8
1854					64
1855	4	0x008e	32546	64	8
1856					64
1857	4	0x008e	48674	64	8
1858					64
1859	4	0x008e	64802	4	8
1860					4
1861	4	0x008e	16674	2	8
1862					2
1863	4	0x0082	0	8	16
1864					0
1869	4	0x008e	16418	2	8
1870					2
1871	4	0x008e	290	64	8
1872					64
1873	4	0x008e	16418	64	8
1874					64
1875	4	0x008e	32546	64	8
1876					64
1877	4	0x008e	48674	64	8
1878					64
1879	4	0x008e	64802	4	8
1880					4
1881	4	0x008e	16674	2	8
1882					2
1883	4	0x0082	0	8	16
1884					0
1889	4	0x008e	16418	2	8
1890					2
1891	4	0x008e	290	64	8
1892					64
1893	4	0x008e	16418	64	8
1894					64
1895	4	0x008e	32546	64	8
1896					64
1897	4	0x008e	48674	64	8
1898					64
1899	4	0x008e	64802	4	8
1900					4
1901	4	0x008e	16674	2	8
1902					2
1903	4	0x0082	0	8	16
1904					0
1909	4	0x008e	16418	2	8
1910					2
1911	4	0x008e	290	64	8
1912					64
1913	4	0x008e	16418	64	8
1914					64
1915	4	0x008e	32546	64	8
1916					64
1917	4	0x008e	48674	64	8
1918					64
1919	4	0x008e	64802	4	8
1920					4
1921	4	0x008e	16674	2	8
1922					2
1923	4	0x0082	0	8	16
1924					0
1929	4	0x008e	16418	2	8
1930					2
1931	4	0x008e	290	64	8
1932					64
1933	4	0x008e	16418	64	8
1934					64
1935	4	0x008e	32546	64	8
1936					64
1937	4	0x008e	48674	64	8
1938					64
1939	4	0x008e	64802	4	8
1940					4
1941	4	0x008e	16674	2	8
1942					2
1943	4	0x0082	0	8	16
1944					0
1949	4	0x008e	16418	2	8
1950					2
1951	4	0x008e	290	64	8
1952					64
1953	4	0x008e	16418	64	8
1954					64
1955	4	0x008e	32546	64	8
1956					64
1957	4	0x008e	48674	64	8
1958					64
1959	4	0x008e	64802	4	8
1960					4
1961	4	0x008e	16674	2	8
1962					2
1963	4	0x0082	0	8	16
1964					0
1969	4	0x008e	16418	2	8
1970					2
1971	4	0x008e	290	64	8
1972					64
1973	4	0x008e	16418	64	8
1974					64
1975	4	0x008e	32546	64	8
1976					64
1977	4	0x008e	48674	64	8
1978					64
1979	4	0x008e	64802	4	8
1980					4
1981	4	0x008e	16674	2	8
1982					2
1983	4	0x0082	0	8	16
1984					0
1989	4	0x008e	16418	2	8
1990					2
1991	4	0x008e	290	64	8
1992					64
1993	4	0x008e	16418	64	8
1994					64
1995	4	0x008e	32546	64	8
1996					64
1997	4	0x008e	48674	64	8
1998					64
1999	4	0x008e	64802	4	8
2000					4
2001	4	0x008e	16674	2	8
2002					2
2003	4	0x0082	0	8	16
2004					0
2009	4	0x008e	16418	2	8
2010					2
2011	4	0x008e	290	64	8
2012					64
2013	4	0x008e	16418	64	8
2014					64
2015	4	0x008e	32546	64	8
2016					64
2017	4	0x008e	48674	64	8
2018					64
2019	4	0x008e	64802	4	8
2020					4
2021	4	0x008e	16674	2	8
2022					2
2023	4	0x0082	0	8	16
2024					0
2029	4	0x008e	16418	2	8
2030					2
2031	4	0x008e	290	64	8
2032					64
2033	4	0x008e	16418	64	8
2034					64
2035	4	0x008e	32546	64	8
2036					64
2037	4	0x008e	48674	64	8
2038					64
2039	4	0x008e	64802	4	8
2040					4
2041	4	0x008e	16674	2	8
2042					2
2043	4	0x0082	0	8	16
2044					0
2049	4	0x008e	16418	2	8
2050					2
2051	4	0x008e	290	64	8
2052					64
2053	4	0x008e	16418	64	8
2054					64
2055	4	0x008e	32546	64	8
2056					64
2057	4	0x008e	48674	64	8
2058					64
2059	4	0x008e	64802	4	8
2060					4
2061	4	0x008e	16674	2	8
2062					2
2063	4	0x0082	0	8	16
2064					0
2069	4	0x008e	16418	2	8
2070					2
2071	4	0x008e	290	64	8
2072					64
2073	4	0x008e	16418	64	8
2074					64
2075	4	0x008e	32546	64	8
2076					64
2077	4	0x008e	48674	64	8
2078					64
2079	4	0x008e	64802	4	8
2080					4
2081	4	0x008e	16674	2	8
2082					2
2083	4	0x0082	0	8	16
2084					0
2089	4	0x008e	16418	2	8
2090					2
2091	4	0x008e	290	64	8
2092					64
2093	4	0x008e	16418	64	8
2094					64
2095	4	0x008e	32546	64	8
2096					64
2097	4	0x008e	48674	64	8
2098					64
2099	4	0x008e	64802	4	8
2100					4
2101	4	0x008e	16674	2	8
2102					2
2103	4	0x0082	0	8	16
2104					0
2109	4	0x008e	16418	2	8
2110					2
2111	4	0x008e	290	64	8
2112					64
2113	4	0x008e	16418	64	8
2114					64
2115	4	0x008e	32546	64	8
2116					64
2117	4	0x008e	48674	64	8
2118					64
2119	4	0x008e	64802	4	8
2120					4
2121	4	0x008e	16674	2	8
2122					2
2123	4	0x0082	0	8	16
2124					0
2129	4	0x008e	16418	2	8
2130					2
2131	4	0x008e	290	64	8
2132					64
2133	4	0x008e	16418	64	8
2134					64
2135	4	0x008e	32546	64	8
2136					64
2137	4	0x008e	48674	64	8
2138					64
2139	4	0x008e	64802	4	8
2140					4
2141	4	0x008e	16674	2	8
2142					2
2143	4	0x0082	0	8	16
2144					0
2149	4	0x008e	16418	2	8
2150					2
2151	4	0x008e	290	64	8
2152					64
2153	4	0x008e	16418	64	8
2154					64
2155	4	0x008e	32546	64	8
2156					64
2157	4	0x008e	48674	64	8
2158					64
2159	4	0x008e	64802	4	8
2160					4
2161	4	0x008e	16674	2	8
2162					2
2163	4	0x0082	0	8	16
2164					0
2169	4	0x008e	16418	2	8
2170					2
2171	4	0x008e	290	64	8
2172					64
2173	4	0x008e	16418	64	8
2174					64
2175	4	0x008e	32546	64	8
2176					64
2177	4	0x008e	48674	64	8
2178					64
2179	4	0x008e	64802	4	8
2180					4
2181	4	0x008e	16674	2	8
2182					2
2183	4	0x0082	0	8	16
2184					0
2189	4	0x008e	16418	2	8
2190					2
2191	4	0x008e	290	64	8
2192					64
2193	4	0x008e	16418	64	8
2194					64
2195	4	0x008e	32546	64	8
2196					64
2197	4	0x008e	48674	64	8
2198					64
2199	4	0x008e	64802	4	8
2200					4
2201	4	0x008e	16674	2	8
2202					2
2203	4	0x0082	0	8	16
2204					0
2209	4	0x008e	16418	2	8
2210					2
2211	4	0x008e	290	64	8
2212					64
2213	4	0x008e	16418	64	8
2214					64
2215	4	0x008e	32546	64	8
2216					64
2217	4	0x008e	48674	64	8
2218					64
2219	4	0x008e	64802	4	8
2220					4
2221	4	0x008e	16674	2	8
2222					2
2223	4	0x0082	0	8	16
2224					0
2229	4	0x008e	16418	2	8
2230					2
2231	4	0x008e	290	64	8
2232					64
2233	4	0x008e	16418	64	8
2234					64
2235	4	0x008e	32546	64	8
2236					64
2237	4	0x008e	48674	64	8
2238					64
2239	4	0x008e	64802	4	8
2240					4
2241	4	0x008e	16674	2	8
2242					2
2243	4	0x0082	0	8	16
2244					0
2249	4	0x008e	16418	2	8
2250					2
2251	4	0x008e	290	64	8
2252					64
2253	4	0x008e	16418	64	8
2254					64
2255	4	0x008e	32546	64	8
2256					64
2257	4	0x008e	48674	64	8
2258					64
2259	4	0x008e	64802	4	8
2260					4
2261	4	0x008e	16674	2	8
2262					2
2263	4	0x0082	0	8	16
2264					0
2269	4	0x008e	16418	2	8
2270					2
2271	4	0x008e	290	64	8
2272					64
2273	4	0x008e	16418	64	8
2274					64
2275	4	0x008e	32546	64	8
2276					64
2277	4	0x008e	48674	64	8
2278					64
2279	4	0x008e	64802	4	8
2280					4
2281	4	0x008e	16674	2	8
2282					2
2283	4	0x0082	0	8	16
2284					0
2289	4	0x008e	16418	2	8
2290					2
2291	4	0x008e	290	64	8
2292					64
2293	4	0x008e	16418	64	8
2294					64
2295	4	0x008e	32546	64	8
2296					64
2297	4	0x008e	48674	64	8
2298					64
2299	4	0x008e	64802	4	8
2300					4
2301	4	0x008e	16674	2	8
2302					2
2303	4	0x0082	0	8	16
2304					0
2309	4	0x008e	16418	2	8
2310					2
2311	4	0x008e	290	64	8
2312					64
2313	4	0x008e	16418	64	8
2314					64
2315	4	0x008e	32546	64	8
2316					64
2317	4	0x008e	48674	64	8
2318					64
2319	4	0x008e	64802	4	8
2320					4
2321	4	0x008e	16674	2	8
2322					2
2323	4	0x0082	0	8	16
2324					0
2329	4	0x008e	16418	2	8
2330					2
2331	4	0x008e	290	64	8
2332					64
2333	4	0x008e	16418	64	8
2334					64
2335	4	0x008e	32546	64	8
2336					64
2337	4	0x008e	48674	64	8
2338					64
2339	4	0x008e	64802	4	8
2340					4
2341	4	0x008e	16674	2	8
2342					2
2343	4	0x0082	0	8	16
2344					0
2349	4	0x008e	16418	2	8
2350					2
2351	4	0x008e	290	64	8
2352					64
2353	4	0x008e	16418	64	8
2354					64
2355	4	0x008e	32546	64	8
2356					64
2357	4	0x008e	48674	64	8
2358					64
2359	4	0x008e	64802	4	8
2360					4
2361	4	0x008e	16674	2	8
2362					2
2363	4	0x0082	0	8	16
2364					0
2369	4	0x008e	16418	2	8
2370					2
2371	4	0x008e	290	64	8
2372					64
2373	4	0x008e	16418	64	8
2374					64
2375	4	0x008e	32546	64	8
2376					64
2377	4	0x008e	48674	64	8
2378					64
2379	4	0x008e	64802	4	8
2380					4
2381	4	0x008e	16674	2	8
2382					2
2383	4	0x0082	0	8	16
2384					0
2389	4	0x008e	16418	2	8
2390					2
2391	4	0x008e	290	64	8
2392					64
2393	4	0x008e	16418	64	8
2394					64
2395	4	0x008e	32546	64	8
2396					64
2397	4	0x008e	48674	64	8
2398					64
2399	4	0x008e	64802	4	8
2400					4
2401	4	0x008e	16674	2	8
2402					2
2403	4	0x0082	0	8	16
2404					0
2409	4	0x008e	16418	2	8
2410					2
2411	4	0x008e	290	64	8
2412					64
2413	4	0x008e	16418	64	8
2414					64
2415	4	0x008e	32546	64	8
2416					64
2417	4	0x008e	48674	64	8
2418					64
2419	4	0x008e	64802	4	8
2420					4
2421	4	0x008e	16674	2	8
2422					2
2423	4	0x0082	0	8	16
2424					0
2429	4	0x008e	16418	2	8
2430					2
2431	4	0x008e	290	64	8
2432					64
2433	4	0x008e	16418	64	8
2434					64
2435	4	0x008e	32546	64	8
2436					64
2437	4	0x008e	48674	64	8
2438					64
2439	4	0x008e	64802	4	8
2440					4
2441	4	0x008e	16674	2	8
2442					2
2443	4	0x0082	0	8	16
2444					0
2449	4	0x008e	16418	2	8
2450					2
2451	4	0x008e	290	64	8
2452					64
2453	4	0x008e	16418	64	8
2454					64
2455	4	0x008e	32546	64	8
2456					64
2457	4	0x008e	48674	64	8
2458					64
2459	4	0x008e	64802	4	8
2460					4
2461	4	0x008e	16674	2	8
2462					2
2463	4	0x0082	0	8	16
2464					0
2469	4	0x008e	16418	2	8
2470					2
2471	4	0x008e	290	64	8
2472					64
2473	4	0x008e	16418	64	8
2474					64
2475	4	0x008e	32546	64	8
2476					64
2477	4	0x008e	48674	64	8
2478					64
2479	4	0x008e	64802	4	8
2480					4
2481	4	0x008e	16674	2	8
2482					2
2483	4	0x0082	0	8	16
2484					0
2489	4	0x008e	16418	2	8
2490					2
2491	4	0x008e	290	64	8
2492					64
2493	4	0x008e	16418	64	8
2494					64
2495	4	0x008e	32546	64	8
2496					64
2497	4	0x008e	48674	64	8
2498					64
2499	4	0x008e	64802	4	8
2500					4
2501	4	0x008e	16674	2	8
2502					2
2503	4	0x0082	0	8	16
2504					0
2509	4	0x008e	16418	2	8
2510					2
2511	4	0x008e	290	64	8
2512					64
2513	4	0x008e	16418	64	8
2514					64
2515	4	0x008e	32546	64	8
2516					64
2517	4	0x008e	48674	64	8
2518					64
2519	4	0x008e	64802	4	8
2520					4
2521	4	0x008e	16674	2	8
2522					2
2523	4	0x0082	0	8	16
2524					0
2529	4	0x008e	16418	2	8
2530					2
2531	4	0x008e	290	64	8
2532					64
2533	4	0x008e	16418	64	8
2534					64
2535	4	0x008e	32546	64	8
2536					64
2537	4	0x008e	48674	64	8
2538					64
2539	4	0x008e	64802	4	8
2540					4
2541	4	0x008e	16674	2	8
2542					2
2543	4	0x0082	0	8	16
2544					0
2549	4	0x008e	16418	2	8
2550					2
2551	4	0x008e	290	64	8
2552					64
2553	4	0x008e	16418	64	8
2554					64
2555	4	0x008e	32546	64	8
2556					64
2557	4	0x008e	48674	64	8
2558					64
2559	4	0x008e	64802	4	8
2560					4
2561	4	0x008e	16674	2	8
2562					2
2563	4	0x0082	0	8	16
2564					0
2569	4	0x008e	16418	2	8
2570					2
2571	4	0x008e	290	64	8
2572					64
2573	4	0x008e	16418	64	8
2574					64
2575	4	0x008e	32546	64	8
2576					64
2577	4	0x008e	48674	64	8
2578					64
2579	4	0x008e	64802	4	8
2580					4
2581	4	0x008e	16674	2	8
2582					2
2583	4	0x0082	0	8	16
2584					0
2589	4	0x008e	16418	2	8
2590					2
2591	4	0x008e	290	64	8
2592					64
2593	4	0x008e	16418	64	8
2594					64
2595	4	0x008e	32546	64	8
2596					64
2597	4	0x008e	48674	64	8
2598					64
2599	4	0x008e	64802	4	8
2600					4
2601	4	0x008e	16674	2	8
2602					2
2603	4	0x0082	0	8	16
2604					0
2609	4	0x008e	16418	2	8
2610					2
2611	4	0x008e	290	64	8
2612					64
2613	4	0x008e	16418	64	8
2614					64
2615	4	0x008e	32546	64	8
2616					64
2617	4	0x008e	48674	64	8
2618					64
2619	4	0x008e	64802	4	8
2620					4
2621	4	0x008e	16674	2	8
2622					2
2623	4	0x0082	0	8	16
2624					0
2629	4	0x008e	16418	2	8
2630					2
2631	4	0x008e	290	64	8
2632					64
2633	4	0x008e	16418	64	8
2634					64
2635	4	0x008e	32546	64	8
2636					64
2637	4	0x008e	48674	64	8
2638					64
2639	4	0x008e	64802	4	8
2640					4
2641	4	0x008e	16674	2	8
2642					2
2643	4	0x0082	0	8	16
2644					0
2649	4	0x008e	16418	2	8
2650					2
2651	4	0x008e	290	64	8
2652					64
2653	4	0x008e	16418	64	8
2654					64
2655	4	0x008e	32546	64	8
2656					64
2657	4	0x008e	48674	64	8
2658					64
2659	4	0x008e	64802	4	8
2660					4
2661	4	0x008e	16674	2	8
2662					2
2663	4	0x0082	0	8	16
2664					0
2669	4	0x008e	16418	2	8
2670					2
2671	4	0x008e	290	64	8
2672					64
2673	4	0x008e	16418	64	8
2674					64
2675	4	0x008e	32546	64	8
2676					64
2677	4	0x008e	48674	64	8
2678					64
2679	4	0x008e	64802	4	8
2680					4
2681	4	0x008e	16674	2	8
2682					2
2683	4	0x0082	0	8	16
2684					0
2689	4	0x008e	16418	2	8
2690					2
2691	4	0x008e	290	64	8
2692					64
2693	4	0x008e	16418	64	8
2694					64
2695	4	0x008e	32546	64	8
2696					64
2697	4	0x008e	48674	64	8
2698					64
2699	4	0x008e	64802	4	8
2700					4
2701	4	0x008e	16674	2	8
2702					2
2703	4	0x0082	0	8	16
2704					0
2709	4	0x008e	16418	2	8
2710					2
2711	4	0x008e	290	64	8
2712					64
2713	4	0x008e	16418	64	8
2714					64
2715	4	0x008e	32546	64	8
2716					64
2717	4	0x008e	48674	64	8
2718					64
2719	4	0x008e	64802	4	8
2720					4
2721	4	0x008e	16674	2	8
2722					2
2723	4	0x0082	0	8	16
2724					0
2729	4	0x008e	16418	2	8
2730					2
2731	4	0x008e	290	64	8
2732					64
2733	4	0x008e	16418	64	8
2734					64
2735	4	0x008e	32546	64	8
2736					64
2737	4	0x008e	48674	64	8
2738					64
2739	4	0x008e	64802	4	8
2740					4
2741	4	0x008e	16674	2	8
2742					2
2743	4	0x0082	0	8	16
2744					0
2749	4	0x008e	16418	2	8
2750					2
2751	4	0x008e	290	64	8
2752					64
2753	4	0x008e	16418	64	8
2754					64
2755	4	0x008e	32546	64	8
2756					64
2757	4	0x008e	48674	64	8
2758					64
2759	4	0x008e	64802	4	8
2760					4
2761	4	0x008e	16674	2	8
2762					2
2763	4	0x0082	0	8	16
2764					0
2769	4	0x008e	16418	2	8
2770					2
2771	4	0x008e	290	64	8
2772					64
2773	4	0x008e	16418	64	8
2774					64
2775	4	0x008e	32546	64	8
2776					64
2777	4	0x008e	48674	64	8
2778					64
2779	4	0x008e	64802	4	8
2780					4
2781	4	0x008e	16674	2	8
2782					2
2783	4	0x0082	0	8	16
2784					0
2789	4	0x008e	16418	2	8
2790					2
2791	4	0x008e	290	64	8
2792					64
2793	4	0x008e	16418	64	8
2794					64
2795	4	0x008e	32546	64	8
2796					64
2797	4	0x008e	48674	64	8
2798					64
2799	4	0x008e	64802	4	8
2800					4
2801	4	0x008e	16674	2	8
2802					2
2803	4	0x0082	0	8	16
2804					0
2809	4	0x008e	16418	2	8
2810					2
2811	4	0x008e	290	64	8
2812					64
2813	4	0x008e	16418	64	8
2814					64
2815	4	0x008e	32546	64	8
2816					64
2817	4	0x008e	48674	64	8
2818					64
2819	4	0x008e	64802	4	8
2820					4
2821	4	0x008e	16674	2	8
2822					2
2823	4	0x0082	0	8	16
2824					0
2829	4	0x008e	16418	2	8
2830					2
2831	4	0x008e	290	64	8
2832					64
2833	4	0x008e	16418	64	8
2834					64
2835	4	0x008e	32546	64	8
2836					64
2837	4	0x008e	48674	64	8
2838					64
2839	4	0x008e	64802	4	8
2840					4
2841	4	0x008e	16674	2	8
2842					2
2843	4	0x0082	0	8	16
2844					0
2849	4	0x008e	16418	2	8
2850					2
2851	4	0x008e	290	64	8
2852					64
2853	4	0x008e	16418	64	8
2854					64
2855	4	0x008e	32546	64	8
2856					64
2857	4	0x008e	48674	64	8
2858					64
2859	4	0x008e	64802	4	8
2860					4
2861	4	0x008e	16674	2	8
2862					2
2863	4	0x0082	0	8	16
2864					0
2869	4	0x008e	16418	2	8
2870					2
2871	4	0x008e	290	64	8
2872					64
2873	4	0x008e	16418	64	8
2874					64
2875	4	0x008e	32546	64	8
2876					64
2877	4	0x008e	48674	64	8
2878					64
2879	4	0x008e	64802	4	8
2880					4
2881	4	0x008e	16674	2	8
2882					2
2883	4	0x0082	0	8	16
2884					0
2889	4	0x008e	16418	2	8
2890					2
2891	4	0x008e	290	64	8
2892					64
2893	4	0x008e	16418	64	8
2894					64
2895	4	0x008e	32546	64	8
2896					64
2897	4	0x008e	48674	64	8
2898					64
2899	4	0x008e	64802	4	8
2900					4
2901	4	0x008e	16674	2	8
2902					2
2903	4	0x0082	0	8	16
2904					0
2909	4	0x008e	16418	2	8
2910					2
2911	4	0x008e	290	64	8
2912					64
2913	4	0x008e	16418	64	8
2914					64
2915	4	0x008e	32546	64	8
2916					64
2917	4	0x008e	48674	64	8
2918					64
2919	4	0x008e	64802	4	8
2920					4
2921	4	0x008e	16674	2	8
2922					2
2923	4	0x0082	0	8	16
2924					0
2929	4	0x008e	16418	2	8
2930					2
2931	4	0x008e	290	64	8
2932					64
2933	4	0x008e	16418	64	8
2934					64
2935	4	0x008e	32546	64	8
2936					64
2937	4	0x008e	48674	64	8
2938					64
2939	4	0x008e	64802	4	8
2940					4
2941	4	0x008e	16674	2	8
2942					2
2943	4	0x0082	0	8	16
2944					0
2949	4	0x008e	16418	2	8
2950					2
2951	4	0x008e	290	64	8
2952					64
2953	4	0x008e	16418	64	8
2954					64
2955	4	0x008e	32546	64	8
2956					64
2957	4	0x008e	48674	64	8
2958					64
2959	4	0x008e	64802	4	8
2960					4
2961	4	0x008e	16674	2	8
2962					2
2963	4	0x0082	0	8	16
2964					0
2969	4	0x008e	16418	2	8
2970					2
2971	4	0x008e	290	64	8
2972					64
2973	4	0x008e	16418	64	8
2974					64
2975	4	0x008e	32546	64	8
2976					64
2977	4	0x008e	48674	64	8
2978					64
2979	4	0x008e	64802	4	8
2980					4
2981	4	0x008e	16674	2	8
2982					2
2983	4	0x0082	0	8	16
2984					0
2989	4	0x008e	16418	2	8
2990					2
2991	4	0x008e	290	64	8
2992					64
2993	4	0x008e	16418	64	8
2994					64
2995	4	0x008e	32546	64	8
2996					64
2997	4	0x008e	48674	64	8
2998					64
2999	4	0x008e	64802	4	8
3000					4
3001	4	0x008e	16674	2	8
3002					2
3003	4	0x0082	0	8	16
3004					0
3009	4	0x008e	16418	2	8
3010					2
3011	4	0x008e	290	64	8
3012					64
3013	4	0x008e	16418	64	8
3014					64
3015	4	0x008e	32546	64	8
3016					64
3017	4	0x008e	48674	64	8
3018					64
3019	4	0x008e	64802	4	8
3020					4
3021	4	0x008e	16674	2	8
3022					2
3023	4	0x0082	0	8	16
3024					0
3029	4	0x008e	16418	2	8
3030					2
3031	4	0x008e	290	64	8
3032					64
3033	4	0x008e	16418	64	8
3034					64
3035	4	0x008e	32546	64	8
3036					64
3037	4	0x008e	48674	64	8
3038					64
3039	4	0x008e	64802	4	8
3040					4
3041	4	0x008e	16674	2	8
3042					2
3043	4	0x0082	0	8	16
3044					0
3049	4	0x008e	16418	2	8
3050					2
3051	4	0x008e	290	64	8
3052					64
3053	4	0x008e	16418	64	8
3054					64
3055	4	0x008e	32546	64	8
3056					64
3057	4	0x008e	48674	64	8
3058					64
3059	4	0x008e	64802	4	8
3060					4
3061	4	0x008e	16674	2	8
3062					2
3063	4	0x0082	0	8	16
3064					0
3069	4	0x008e	16418	2	8
3070					2
3071	4	0x008e	290	64	8
3072					64
3073	4	0x008e	16418	64	8
3074					64
3075	4	0x008e	32546	64	8
3076					64
3077	4	0x008e	48674	64	8
3078					64
3079	4	0x008e	64802	4	8
3080					4
3081	4	0x008e	16674	2	8
3082					2
3083	4	0x0082	0	8	16
3084					0
3089	4	0x008e	16418	2	8
3090					2
3091	4	0x008e	290	64	8
3092					64
3093	4	0x008e	16418	64	8
3094					64
3095	4	0x008e	32546	64	8
3096					64
3097	4	0x008e	48674	64	8
3098					64
3099	4	0x008e	64802	4	8
3100					4
3101	4	0x008e	16674	2	8
3102					2
3103	4	0x0082	0	8	16
3104					0
3109	4	0x008e	16418	2	8
3110					2
3111	4	0x008e	19234	4	8
3112					4
3113	4	0x008e	290	64	8
3114					64
3115	4	0x008e	16418	64	8
3116					64
3117	4	0x008e	32546	64	8
3118					64
3119	4	0x008e	48674	64	8
3120					64
3121	4	0x008e	64802	4	8
3122					4
3123	4	0x008e	16674	2	8
3124					2
3125	4	0x0082	0	8	16
3126					0
3131	4	0x008e	290	64	8
3132					64
3133	4	0x008e	16418	64	8
3134					64
3135	4	0x008e	32546	64	8
3136					64
3137	4	0x008e	48674	64	8
3138					64
3139	4	0x008e	64802	4	8
3140					4
3141	4	0x008e	16674	2	8
3142					2
3143	4	0x0082	0	8	16
3144					0
3149	4	0x008e	290	64	8
3150					64
3151	4	0x008e	16418	64	8
3152					64
3153	4	0x008e	32546	64	8
3154					64
3155	4	0x008e	48674	64	8
3156					64
3157	4	0x008e	64802	4	8
3158					4
3159	4	0x008e	16674	2	8
3160					2
3161	4	0x0082	0	8	16
3162					0
3167	4	0x008e	290	64	8
3168					64
3169	4	0x008e	16418	64	8
3170					64
3171	4	0x008e	32546	64	8
3172					64
3173	4	0x008e	48674	64	8
3174					64
3175	4	0x008e	64802	4	8
3176					4
3177	4	0x008e	16674	2	8
3178					2
3179	4	0x0082	0	8	16
3180					0
3185	4	0x008e	290	64	8
3186					64
3187	4	0x008e	16418	64	8
3188					64
3189	4	0x008e	32546	64	8
3190					64
3191	4	0x008e	48674	64	8
3192					64
3193	4	0x008e	64802	4	8
3194					4
3195	4	0x008e	16674	2	8
3196					2
3197	4	0x0082	0	8	16
3198					0
3203	4	0x008e	290	64	8
3204					64
3205	4	0x008e	16418	64	8
3206					64
3207	4	0x008e	32546	64	8
3208					64
3209	4	0x008e	48674	64	8
3210					64
3211	4	0x008e	64802	4	8
3212					4
3213	4	0x008e	16674	2	8
3214					2
3215	4	0x0082	0	8	16
3216					0
3221	4	0x008e	290	64	8
3222					64
3223	4	0x008e	16418	64	8
3224					64
3225	4	0x008e	32546	64	8
3226					64
3227	4	0x008e	48674	64	8
3228					64
3229	4	0x008e	64802	4	8
3230					4
3231	4	0x008e	16674	2	8
3232					2
3233	4	0x0082	0	8	16
3234					0
3239	4	0x008e	290	64	8
3240					64
3241	4	0x008e	16418	64	8
3242					64
3243	4	0x008e	32546	64	8
3244					64
3245	4	0x008e	48674	64	8
3246					64
3247	4	0x008e	64802	4	8
3248					4
3249	4	0x008e	16674	2	8
3250					2
3251	4	0x0082	0	8	16
3252					0
3257	4	0x008e	290	64	8
3258					64
3259	4	0x008e	16418	64	8
3260					64
3261	4	0x008e	32546	64	8
3262					64
3263	4	0x008e	48674	64	8
3264					64
3265	4	0x008e	64802	4	8
3266					4
3267	4	0x008e	16674	2	8
3268					2
3269	4	0x008e	290	64	8
3270					64
3271	4	0x008e	16418	64	8
3272					64
3273	4	0x008e	32546	64	8
3274					64
3275	4	0x008e	48674	64	8
3276					64
3277	4	0x008e	64802	4	8
3278					4
3279	4	0x008e	16674	2	8
3280					2
3281	4	0x008e	290	64	8
3282					64
3283	4	0x008e	16418	64	8
3284					64
3285	4	0x008e	32546	64	8
3286					64
3287	4	0x008e	48674	64	8
3288					64
3289	4	0x008e	64802	4	8
3290					4
3291	4	0x008e	16674	2	8
3292					2
3293	4	0x008e	290	64	8
3294					64
3295	4	0x008e	16418	64	8
3296					64
3297	4	0x008e	32546	64	8
3298					64
3299	4	0x008e	48674	64	8
3300					64
3301	4	0x008e	64802	4	8
3302					4
3303	4	0x008e	16674	2	8
3304					2
3305	4	0x008e	290	64	8
3306					64
3307	4	0x008e	16418	64	8
3308					64
3309	4	0x008e	32546	64	8
3310					64
3311	4	0x008e	48674	64	8
3312					64
3313	4	0x008e	64802	4	8
3314					4
3315	4	0x008e	16674	2	8
3316					2
3317	4	0x008e	290	64	8
3318					64
3319	4	0x008e	16418	64	8
3320					64
3321	4	0x008e	32546	64	8
3322					64
3323	4	0x008e	48674	64	8
3324					64
3325	4	0x008e	64802	4	8
3326					4
3327	4	0x008e	16674	2	8
3328					2
3329	4	0x008e	290	64	8
3330					64
3331	4	0x008e	16418	64	8
3332					64
3333	4	0x008e	32546	64	8
3334					64
3335	4	0x008e	48674	64	8
3336					64
3337	4	0x008e	64802	4	8
3338					4
3339	4	0x008e	16674	2	8
3340					2
3341	4	0x008e	290	64	8
3342					64
3343	4	0x008e	16418	64	8
3344					64
3345	4	0x008e	32546	64	8
3346					64
3347	4	0x008e	48674	64	8
3348					64
3349	4	0x008e	64802	4	8
3350					4
3351	4	0x008e	16674	2	8
3352					2
3353	4	0x008e	290	64	8
3354					64
3355	4	0x008e	16418	64	8
3356					64
3357	4	0x008e	32546	64	8
3358					64
3359	4	0x008e	48674	64	8
3360					64
3361	4	0x008e	64802	4	8
3362					4
3363	4	0x008e	16674	2	8
3364					2
3365	4	0x008e	290	64	8
3366					64
3367	4	0x008e	16418	64	8
3368					64
3369	4	0x008e	32546	64	8
3370					64
3371	4	0x008e	48674	64	8
3372					64
3373	4	0x008e	64802	4	8
3374					4
3375	4	0x008e	16674	2	8
3376					2
3377	4	0x008e	290	64	8
3378					64
3379	4	0x008e	16418	64	8
3380					64
3381	4	0x008e	32546	64	8
3382					64
3383	4	0x008e	48674	64	8
3384					64
3385	4	0x008e	64802	4	8
3386					4
3387	4	0x008e	16674	2	8
3388					2
3389	4	0x008e	290	64	8
3390					64
3391	4	0x008e	16418	64	8
3392					64
3393	4	0x008e	32546	64	8
3394					64
3395	4	0x008e	48674	64	8
3396					64
3397	4	0x008e	64802	4	8
3398					4
3399	4	0x008e	16674	2	8
3400					2
3401	4	0x008e	290	64	8
3402					64
3403	4	0x008e	16418	64	8
3404					64
3405	4	0x008e	32546	64	8
3406					64
3407	4	0x008e	48674	64	8
3408					64
3409	4	0x008e	64802	4	8
3410					4
3411	4	0x008e	16674	2	8
3412					2
3413	4	0x008e	290	64	8
3414					64
3415	4	0x008e	16418	64	8
3416					64
3417	4	0x008e	32546	64	8
3418					64
3419	4	0x008e	48674	64	8
3420					64
3421	4	0x008e	64802	4	8
3422					4
3423	4	0x008e	16674	2	8
3424					2
3425	4	0x008e	290	64	8
3426					64
3427	4	0x008e	16418	64	8
3428					64
3429	4	0x008e	32546	64	8
3430					64
3431	4	0x008e	48674	64	8
3432					64
3433	4	0x008e	64802	4	8
3434					4
3435	4	0x008e	16674	2	8
3436					2
3437	4	0x008e	290	64	8
3438					64
3439	4	0x008e	16418	64	8
3440					64
3441	4	0x008e	32546	64	8
3442					64
3443	4	0x008e	48674	64	8
3444					64
3445	4	0x008e	64802	4	8
3446					4
3447	4	0x008e	16674	2	8
3448					2
3449	4	0x008e	290	64	8
3450					64
3451	4	0x008e	16418	64	8
3452					64
3453	4	0x008e	32546	64	8
3454					64
3455	4	0x008e	48674	64	8
3456					64
3457	4	0x008e	64802	4	8
3458					4
3459	4	0x008e	16674	2	8
3460					2
3461	4	0x008e	290	64	8
3462					64
3463	4	0x008e	16418	64	8
3464					64
3465	4	0x008e	32546	64	8
3466					64
3467	4	0x008e	48674	64	8
3468					64
3469	4	0x008e	64802	4	8
3470					4
3471	4	0x008e	16674	2	8
3472					2
3473	4	0x008e	290	64	8
3474					64
3475	4	0x008e	16418	64	8
3476					64
3477	4	0x008e	32546	64	8
3478					64
3479	4	0x008e	48674	64	8
3480					64
3481	4	0x008e	64802	4	8
3482					4
3483	4	0x008e	16674	2	8
3484					2
3485	4	0x008e	290	64	8
3486					64
3487	4	0x008e	16418	64	8
3488					64
3489	4	0x008e	32546	64	8
3490					64
3491	4	0x008e	48674	64	8
3492					64
3493	4	0x008e	64802	4	8
3494					4
3495	4	0x008e	16674	2	8
3496					2
3497	4	0x008e	290	64	8
3498					64
3499	4	0x008e	16418	64	8
3500					64
3501	4	0x008e	32546	64	8
3502					64
3503	4	0x008e	48674	64	8
3504					64
3505	4	0x008e	64802	4	8
3506					4
3507	4	0x008e	16674	2	8
3508					2
3509	4	0x008e	290	64	8
3510					64
3511	4	0x008e	16418	64	8
3512					64
3513	4	0x008e	32546	64	8
3514					64
3515	4	0x008e	48674	64	8
3516					64
3517	4	0x008e	64802	4	8
3518					4
3519	4	0x008e	16674	2	8
3520					2
3521	4	0x008e	290	64	8
3522					64
3523	4	0x008e	16418	64	8
3524					64
3525	4	0x008e	32546	64	8
3526					64
3527	4	0x008e	48674	64	8
3528					64
3529	4	0x008e	64802	4	8
3530					4
3531	4	0x008e	16674	2	8
3532					2
3533	4	0x008e	290	64	8
3534					64
3535	4	0x008e	16418	64	8
3536					64
3537	4	0x008e	32546	64	8
3538					64
3539	4	0x008e	48674	64	8
3540					64
3541	4	0x008e	64802	4	8
3542					4
3543	4	0x008e	16674	2	8
3544					2
3545	4	0x008e	290	64	8
3546					64
3547	4	0x008e	16418	64	8
3548					64
3549	4	0x008e	32546	64	8
3550					64
3551	4	0x008e	48674	64	8
3552					64
3553	4	0x008e	64802	4	8
3554					4
3555	4	0x008e	16674	2	8
3556					2
3557	4	0x008e	290	64	8
3558					64
3559	4	0x008e	16418	64	8
3560					64
3561	4	0x008e	32546	64	8
3562					64
3563	4	0x008e	48674	64	8
3564					64
3565	4	0x008e	64802	4	8
3566					4
3567	4	0x008e	16674	2	8
3568					2
3569	4	0x008e	290	64	8
3570					64
3571	4	0x008e	16418	64	8
3572					64
3573	4	0x008e	32546	64	8
3574					64
3575	4	0x008e	48674	64	8
3576					64
3577	4	0x008e	64802	4	8
3578					4
3579	4	0x008e	16674	2	8
3580					2
3581	4	0x008e	290	64	8
3582					64
3583	4	0x008e	16418	64	8
3584					64
3585	4	0x008e	32546	64	8
3586					64
3587	4	0x008e	48674	64	8
3588					64
3589	4	0x008e	64802	4	8
3590					4
3591	4	0x008e	16674	2	8
3592					2
3593	4	0x008e	290	64	8
3594					64
3595	4	0x008e	16418	64	8
3596					64
3597	4	0x008e	32546	64	8
3598					64
3599	4	0x008e	48674	64	8
3600					64
3601	4	0x008e	64802	4	8
3602					4
3603	4	0x008e	16674	2	8
3604					2
3605	4	0x008e	290	64	8
3606					64
3607	4	0x008e	16418	64	8
3608					64
3609	4	0x008e	32546	64	8
3610					64
3611	4	0x008e	48674	64	8
3612					64
3613	4	0x008e	64802	4	8
3614					4
3615	4	0x008e	16674	2	8
3616					2
3617	4	0x008e	290	64	8
3618					64
3619	4	0x008e	16418	64	8
3620					64
3621	4	0x008e	32546	64	8
3622					64
3623	4	0x008e	48674	64	8
3624					64
3625	4	0x008e	64802	4	8
3626					4
3627	4	0x008e	16674	2	8
3628					2
3629	4	0x008e	290	64	8
3630					64
3631	4	0x008e	16418	64	8
3632					64
3633	4	0x008e	32546	64	8
3634					64
3635	4	0x008e	48674	64	8
3636					64
3637	4	0x008e	64802	4	8
3638					4
3639	4	0x008e	16674	2	8
3640					2
3641	4	0x008e	290	64	8
3642					64
3643	4	0x008e	16418	64	8
3644					64
3645	4	0x008e	32546	64	8
3646					64
3647	4	0x008e	48674	64	8
3648					64
3649	4	0x008e	64802	4	8
3650					4
3651	4	0x008e	16674	2	8
3652					2
3653	4	0x008e	290	64	8
3654					64
3655	4	0x008e	16418	64	8
3656					64
3657	4	0x008e	32546	64	8
3658					64
3659	4	0x008e	48674	64	8
3660					64
3661	4	0x008e	64802	4	8
3662					4
3663	4	0x008e	16674	2	8
3664					2
3665	4	0x008e	290	64	8
3666					64
3667	4	0x008e	16418	64	8
3668					64
3669	4	0x008e	32546	64	8
3670					64
3671	4	0x008e	48674	64	8
3672					64
3673	4	0x008e	64802	4	8
3674					4
3675	4	0x008e	16674	2	8
3676					2
3677	4	0x008e	290	64	8
3678					64
3679	4	0x008e	16418	64	8
3680					64
3681	4	0x008e	32546	64	8
3682					64
3683	4	0x008e	48674	64	8
3684					64
3685	4	0x008e	64802	4	8
3686					4
3687	4	0x008e	16674	2	8
3688					2
3689	4	0x008e	290	64	8
3690					64
3691	4	0x008e	16418	64	8
3692					64
3693	4	0x008e	32546	64	8
3694					64
3695	4	0x008e	48674	64	8
3696					64
3697	4	0x008e	64802	4	8
3698					4
3699	4	0x008e	16674	2	8
3700					2
3701	4	0x008e	290	64	8
3702					64
3703	4	0x008e	16418	64	8
3704					64
3705	4	0x008e	32546	64	8
3706					64
3707	4	0x008e	48674	64	8
3708					64
3709	4	0x008e	64802	4	8
3710					4
3711	4	0x008e	16674	2	8
3712					2
3713	4	0x008e	290	64	8
3714					64
3715	4	0x008e	16418	64	8
3716					64
3717	4	0x008e	32546	64	8
3718					64
3719	4	0x008e	48674	64	8
3720					64
3721	4	0x008e	64802	4	8
3722					4
3723	4	0x008e	16674	2	8
3724					2
3725	4	0x008e	290	64	8
3726					64
3727	4	0x008e	16418	64	8
3728					64
3729	4	0x008e	32546	64	8
3730					64
3731	4	0x008e	48674	64	8
3732					64
3733	4	0x008e	64802	4	8
3734					4
3735	4	0x008e	16674	2	8
3736					2
3737	4	0x008e	290	64	8
3738					64
3739	4	0x008e	16418	64	8
3740					64
3741	4	0x008e	32546	64	8
3742					64
3743	4	0x008e	48674	64	8
3744					64
3745	4	0x008e	64802	4	8
3746					4
3747	4	0x008e	16674	2	8
3748					2
3749	4	0x008e	290	64	8
3750					64
3751	4	0x008e	16418	64	8
3752					64
3753	4	0x008e	32546	64	8
3754					64
3755	4	0x008e	48674	64	8
3756					64
3757	4	0x008e	64802	4	8
3758					4
3759	4	0x008e	16674	2	8
3760					2
3761	4	0x008e	290	64	8
3762					64
3763	4	0x008e	16418	64	8
3764					64
3765	4	0x008e	32546	64	8
3766					64
3767	4	0x008e	48674	64	8
3768					64
3769	4	0x008e	64802	4	8
3770					4
3771	4	0x008e	16674	2	8
3772					2
3773	4	0x008e	290	64	8
3774					64
3775	4	0x008e	16418	64	8
3776					64
3777	4	0x008e	32546	64	8
3778					64
3779	4	0x008e	48674	64	8
3780					64
3781	4	0x008e	64802	4	8
3782					4
3783	4	0x008e	16674	2	8
3784					2
3785	4	0x008e	290	64	8
3786					64
3787	4	0x008e	16418	64	8
3788					64
3789	4	0x008e	32546	64	8
3790					64
3791	4	0x008e	48674	64	8
3792					64
3793	4	0x008e	64802	4	8
3794					4
3795	4	0x008e	16674	2	8
3796					2
3797	4	0x008e	290	64	8
3798					64
3799	4	0x008e	16418	64	8
3800					64
3801	4	0x008e	32546	64	8
3802					64
3803	4	0x008e	48674	64	8
3804					64
3805	4	0x008e	64802	4	8
3806					4
3807	4	0x008e	16674	2	8
3808					2
3809	4	0x008e	290	64	8
3810					64
3811	4	0x008e	16418	64	8
3812					64
3813	4	0x008e	32546	64	8
3814					64
3815	4	0x008e	48674	64	8
3816					64
3817	4	0x008e	64802	4	8
3818					4
3819	4	0x008e	16674	2	8
3820					2
3821	4	0x008e	290	64	8
3822					64
3823	4	0x008e	16418	64	8
3824					64
3825	4	0x008e	32546	64	8
3826					64
3827	4	0x008e	48674	64	8
3828					64
3829	4	0x008e	64802	4	8
3830					4
3831	4	0x008e	16674	2	8
3832					2
3833	4	0x008e	290	64	8
3834					64
3835	4	0x008e	16418	64	8
3836					64
3837	4	0x008e	32546	64	8
3838					64
3839	4	0x008e	48674	64	8
3840					64
3841	4	0x008e	64802	4	8
3842					4
3843	4	0x008e	16674	2	8
3844					2
3845	4	0x008e	290	64	8
3846					64
3847	4	0x008e	16418	64	8
3848					64
3849	4	0x008e	32546	64	8
3850					64
3851	4	0x008e	48674	64	8
3852					64
3853	4	0x008e	64802	4	8
3854					4
3855	4	0x008e	16674	2	8
3856					2
3857	4	0x008e	290	64	8
3858					64
3859	4	0x008e	16418	64	8
3860					64
3861	4	0x008e	32546	64	8
3862					64
3863	4	0x008e	48674	64	8
3864					64
3865	4	0x008e	64802	4	8
3866					4
3867	4	0x008e	16674	2	8
3868					2
3869	4	0x008e	290	64	8
3870					64
3871	4	0x008e	16418	64	8
3872					64
3873	4	0x008e	32546	64	8
3874					64
3875	4	0x008e	48674	64	8
3876					64
3877	4	0x008e	64802	4	8
3878					4
3879	4	0x008e	16674	2	8
3880					2
3881	4	0x008e	290	64	8
3882					64
3883	4	0x008e	16418	64	8
3884					64
3885	4	0x008e	32546	64	8
3886					64
3887	4	0x008e	48674	64	8
3888					64
3889	4	0x008e	64802	4	8
3890					4
3891	4	0x008e	16674	2	8
3892					2
3893	4	0x008e	290	64	8
3894					64
3895	4	0x008e	16418	64	8
3896					64
3897	4	0x008e	32546	64	8
3898					64
3899	4	0x008e	48674	64	8
3900					64
3901	4	0x008e	64802	4	8
3902					4
3903	4	0x008e	16674	2	8
3904					2
3905	4	0x008e	290	64	8
3906					64
3907	4	0x008e	16418	64	8
3908					64
3909	4	0x008e	32546	64	8
3910					64
3911	4	0x008e	48674	64	8
3912					64
3913	4	0x008e	64802	4	8
3914					4
3915	4	0x008e	16674	2	8
3916					2
3917	4	0x008e	290	64	8
3918					64
3919	4	0x008e	16418	64	8
3920					64
3921	4	0x008e	32546	64	8
3922					64
3923	4	0x008e	48674	64	8
3924					64
3925	4	0x008e	64802	4	8
3926					4
3927	4	0x008e	16674	2	8
3928					2
3929	4	0x008e	290	64	8
3930					64
3931	4	0x008e	16418	64	8
3932					64
3933	4	0x008e	32546	64	8
3934					64
3935	4	0x008e	48674	64	8
3936					64
3937	4	0x008e	64802	4	8
3938					4
3939	4	0x008e	16674	2	8
3940					2
3941	4	0x008e	290	64	8
3942					64
3943	4	0x008e	16418	64	8
3944					64
3945	4	0x008e	32546	64	8
3946					64
3947	4	0x008e	48674	64	8
3948					64
3949	4	0x008e	64802	4	8
3950					4
3951	4	0x008e	16674	2	8
3952					2
3953	4	0x008e	290	64	8
3954					64
3955	4	0x008e	16418	64	8
3956					64
3957	4	0x008e	32546	64	8
3958					64
3959	4	0x008e	48674	64	8
3960					64
3961	4	0x008e	64802	4	8
3962					4
3963	4	0x008e	16674	2	8
3964					2
3965	4	0x008e	290	64	8
3966					64
3967	4	0x008e	16418	64	8
3968					64
3969	4	0x008e	32546	64	8
3970					64
3971	4	0x008e	48674	64	8
3972					64
3973	4	0x008e	64802	4	8
3974					4
3975	4	0x008e	16674	2	8
3976					2
3977	4	0x008e	290	64	8
3978					64
3979	4	0x008e	16418	64	8
3980					64
3981	4	0x008e	32546	64	8
3982					64
3983	4	0x008e	48674	64	8
3984					64
3985	4	0x008e	64802	4	8
3986					4
3987	4	0x008e	16674	2	8
3988					2
3989	4	0x008e	290	64	8
3990					64
3991	4	0x008e	16418	64	8
3992					64
3993	4	0x008e	32546	64	8
3994					64
3995	4	0x008e	48674	64	8
3996					64
3997	4	0x008e	64802	4	8
3998					4
3999	4	0x008e	16674	2	8
4000					2
4001	4	0x008e	290	64	8
4002					64
4003	4	0x008e	16418	64	8
4004					64
4005	4	0x008e	32546	64	8
4006					64
4007	4	0x008e	48674	64	8
4008					64
4009	4	0x008e	64802	4	8
4010					4
4011	4	0x008e	16674	2	8
4012					2
4013	4	0x008e	290	64	8
4014					64
4015	4	0x008e	16418	64	8
4016					64
4017	4	0x008e	32546	64	8
4018					64
4019	4	0x008e	48674	64	8
4020					64
4021	4	0x008e	64802	4	8
4022					4
4023	4	0x008e	16674	2	8
4024					2
4025	4	0x008e	290	64	8
4026					64
4027	4	0x008e	16418	64	8
4028					64
4029	4	0x008e	32546	64	8
4030					64
4031	4	0x008e	48674	64	8
4032					64
4033	4	0x008e	64802	4	8
4034					4
4035	4	0x008e	16674	2	8
4036					2
4037	4	0x008e	290	64	8
4038					64
4039	4	0x008e	16418	64	8
4040					64
4041	4	0x008e	32546	64	8
4042					64
4043	4	0x008e	48674	64	8
4044					64
4045	4	0x008e	64802	4	8
4046					4
4047	4	0x008e	16674	2	8
4048					2
4049	4	0x008e	290	64	8
4050					64
4051	4	0x008e	16418	64	8
4052					64
4053	4	0x008e	32546	64	8
4054					64
4055	4	0x008e	48674	64	8
4056					64
4057	4	0x008e	64802	4	8
4058					4
4059	4	0x008e	16674	2	8
4060					2
4061	4	0x008e	290	64	8
4062					64
4063	4	0x008e	16418	64	8
4064					64
4065	4	0x008e	32546	64	8
4066					64
4067	4	0x008e	48674	64	8
4068					64
4069	4	0x008e	64802	4	8
4070					4
4071	4	0x008e	16674	2	8
4072					2
4073	4	0x008e	290	64	8
4074					64
4075	4	0x008e	16418	64	8
4076					64
4077	4	0x008e	32546	64	8
4078					64
4079	4	0x008e	48674	64	8
4080					64
4081	4	0x008e	64802	4	8
4082					4
4083	4	0x008e	16674	2	8
4084					2
4085	4	0x008e	290	64	8
4086					64
4087	4	0x008e	16418	64	8
4088					64
4089	4	0x008e	32546	64	8
4090					64
4091	4	0x008e	48674	64	8
4092					64
4093	4	0x008e	64802	4	8
4094					4
4095	4	0x008e	16674	2	8
4096					2
4097	4	0x008e	290	64	8
4098					64
4099	4	0x008e	16418	64	8
4100					64
4101	4	0x008e	32546	64	8
4102					64
4103	4	0x008e	48674	64	8
4104					64
4105	4	0x008e	64802	4	8
4106					4
4107	4	0x008e	16674	2	8
4108					2
4109	4	0x008e	290	64	8
4110					64
4111	4	0x008e	16418	64	8
4112					64
4113	4	0x008e	32546	64	8
4114					64
4115	4	0x008e	48674	64	8
4116					64
4117	4	0x008e	64802	4	8
4118					4
4119	4	0x008e	16674	2	8
4120					2
4121	4	0x008e	290	64	8
4122					64
4123	4	0x008e	16418	64	8
4124					64
4125	4	0x008e	32546	64	8
4126					64
4127	4	0x008e	48674	64	8
4128					64
4129	4	0x008e	64802	4	8
4130					4
4131	4	0x008e	16674	2	8
4132					2
4133	4	0x008e	290	64	8
4134					64
4135	4	0x008e	16418	64	8
4136					64
4137	4	0x008e	32546	64	8
4138					64
4139	4	0x008e	48674	64	8
4140					64
4141	4	0x008e	64802	4	8
4142					4
4143	4	0x008e	16674	2	8
4144					2
4145	4	0x008e	290	64	8
4146					64
4147	4	0x008e	16418	64	8
4148					64
4149	4	0x008e	32546	64	8
4150					64
4151	4	0x008e	48674	64	8
4152					64
4153	4	0x008e	64802	4	8
4154					4
4155	4	0x008e	16674	2	8
4156					2
4157	4	0x008e	290	64	8
4158					64
4159	4	0x008e	16418	64	8
4160					64
4161	4	0x008e	32546	64	8
4162					64
4163	4	0x008e	48674	64	8
4164					64
4165	4	0x008e	64802	4	8
4166					4
4167	4	0x008e	16674	2	8
4168					2
4169	4	0x008e	290	64	8
4170					64
4171	4	0x008e	16418	64	8
4172					64
4173	4	0x008e	32546	64	8
4174					64
4175	4	0x008e	48674	64	8
4176					64
4177	4	0x008e	64802	4	8
4178					4
4179	4	0x008e	16674	2	8
4180					2
4181	4	0x008e	290	64	8
4182					64
4183	4	0x008e	16418	64	8
4184					64
4185	4	0x008e	32546	64	8
4186					64
4187	4	0x008e	48674	64	8
4188					64
4189	4	0x008e	64802	4	8
4190					4
4191	4	0x008e	16674	2	8
4192					2
4193	4	0x008e	290	64	8
4194					64
4195	4	0x008e	16418	64	8
4196					64
4197	4	0x008e	32546	64	8
4198					64
4199	4	0x008e	48674	64	8
4200					64
4201	4	0x008e	64802	4	8
4202					4
4203	4	0x008e	16674	2	8
4204					2
4205	4	0x008e	290	64	8
4206					64
4207	4	0x008e	16418	64	8
4208					64
4209	4	0x008e	32546	64	8
4210					64
4211	4	0x008e	48674	64	8
4212					64
4213	4	0x008e	64802	4	8
4214					4
4215	4	0x008e	16674	2	8
4216					2
4217	4	0x008e	290	64	8
4218					64
4219	4	0x008e	16418	64	8
4220					64
4221	4	0x008e	32546	64	8
4222					64
4223	4	0x008e	48674	64	8
4224					64
4225	4	0x008e	64802	4	8
4226					4
4227	4	0x008e	16674	2	8
4228					2
4229	4	0x008e	290	64	8
4230					64
4231	4	0x008e	16418	64	8
4232					64
4233	4	0x008e	32546	64	8
4234					64
4235	4	0x008e	48674	64	8
4236					64
4237	4	0x008e	64802	4	8
4238					4
4239	4	0x008e	16674	2	8
4240					2
4241	4	0x008e	290	64	8
4242					64
4243	4	0x008e	16418	64	8
4244					64
4245	4	0x008e	32546	64	8
4246					64
4247	4	0x008e	48674	64	8
4248					64
4249	4	0x008e	64802	4	8
4250					4
4251	4	0x008e	16674	2	8
4252					2
4253	4	0x008e	290	64	8
4254					64
4255	4	0x008e	16418	64	8
4256					64
4257	4	0x008e	32546	64	8
4258					64
4259	4	0x008e	48674	64	8
4260					64
4261	4	0x008e	64802	4	8
4262					4
4263	4	0x008e	16674	2	8
4264					2
4265	4	0x008e	290	64	8
4266					64
4267	4	0x008e	16418	64	8
4268					64
4269	4	0x008e	32546	64	8
4270					64
4271	4	0x008e	48674	64	8
4272					64
4273	4	0x008e	64802	4	8
4274					4
4275	4	0x008e	16674	2	8
4278					2
4279	4	0x008e	290	64	8
4280					64
4281	4	0x008e	16418	64	8
4282					64
4283	4	0x008e	32546	64	8
4284					64
4285	4	0x008e	48674	64	8
4286					64
4287	4	0x008e	64802	4	8
4288					4
4289	4	0x008e	16674	2	8
4290					2
4291	4	0x008e	290	64	8
4292					64
4293	4	0x008e	16418	64	8
4294					64
4295	4	0x008e	32546	64	8
4296					64
4297	4	0x008e	48674	64	8
4298					64
4299	4	0x008e	64802	4	8
4300					4
4301	4	0x008e	16674	2	8
4302					2
4303	4	0x008e	290	64	8
4304					64
4305	4	0x008e	16418	64	8
4306					64
4307	4	0x008e	32546	64	8
4308					64
4309	4	0x008e	48674	64	8
4310					64
4311	4	0x008e	64802	4	8
4312					4
4313	4	0x008e	16674	2	8
4316					2
4317	4	0x008e	290	64	8
4318					64
4319	4	0x008e	16418	64	8
4320					64
4321	4	0x008e	32546	64	8
4322					64
4323	4	0x008e	48674	64	8
4324					64
4325	4	0x008e	64802	4	8
4326					4
4327	4	0x008e	16674	2	8
4330					2
4331	4	0x008e	290	64	8
4332					64
4333	4	0x008e	16418	64	8
4334					64
4335	4	0x008e	32546	64	8
4336					64
4337	4	0x008e	48674	64	8
4338					64
4339	4	0x008e	64802	4	8
4340					4
4341	4	0x008e	16674	2	8
4342					2
4343	4	0x008e	290	64	8
4344					64
4345	4	0x008e	16418	64	8
4346					64
4347	4	0x008e	32546	64	8
4348					64
4349	4	0x008e	48674	64	8
4350					64
4351	4	0x008e	64802	4	8
4352					4
4353	4	0x008e	16674	2	8
4354					2
4355	4	0x008e	290	64	8
4356					64
4357	4	0x008e	16418	64	8
4360					64
4361	4	0x008e	32546	64	8
4362					64
4363	4	0x008e	48674	64	8
4364					64
4365	4	0x008e	64802	4	8
4366					4
4367	4	0x008e	16674	2	8
4368					2
4369	4	0x008e	290	64	8
4370					64
4371	4	0x008e	16418	64	8
4372					64
4373	4	0x008e	32546	64	8
4374					64
4375	4	0x008e	48674	64	8
4376					64
4377	4	0x008e	64802	4	8
4378					4
4379	4	0x008e	16674	2	8
4380					2
4381	4	0x008e	290	64	8
4382					64
4383	4	0x008e	16418	64	8
4384					64
4385	4	0x008e	32546	64	8
4386					64
4387	4	0x008e	48674	64	8
4388					64
4389	4	0x008e	64802	4	8
4390					4
4391	4	0x008e	16674	2	8
4392					2
4393	4	0x008e	290	64	8
4394					64
4395	4	0x008e	16418	64	8
4396					64
4397	4	0x008e	32546	64	8
4398					64
4399	4	0x008e	48674	64	8
4400					64
4401	4	0x008e	64802	4	8
4402					4
4403	4	0x008e	16674	2	8
4404					2
4405	4	0x008e	290	64	8
4406					64
4407	4	0x008e	16418	64	8
4408					64
4409	4	0x008e	32546	64	8
4410					64
4411	4	0x008e	48674	64	8
4412					64
4413	4	0x008e	64802	4	8
4414					4
4415	4	0x008e	16674	2	8
4416					2
4417	4	0x008e	290	64	8
4418					64
4419	4	0x008e	16418	64	8
4420					64
4421	4	0x008e	32546	64	8
4422					64
4423	4	0x008e	48674	64	8
4424					64
4425	4	0x008e	64802	4	8
4426					4
4427	4	0x008e	16674	2	8
4428					2
4429	4	0x008e	290	64	8
4430					64
4431	4	0x008e	16418	64	8
4432					64
4433	4	0x008e	32546	64	8
4434					64
4435	4	0x008e	48674	64	8
4436					64
4437	4	0x008e	64802	4	8
4438					4
4439	4	0x008e	16674	2	8
4440					2
4441	4	0x008e	290	64	8
4442					64
4443	4	0x008e	16418	64	8
4444					64
4445	4	0x008e	32546	64	8
4446					64
4447	4	0x008e	48674	64	8
4448					64
4449	4	0x008e	64802	4	8
4450					4
4451	4	0x008e	16674	2	8
4452					2
4453	4	0x008e	290	64	8
4454					64
4455	4	0x008e	16418	64	8
4456					64
4457	4	0x008e	32546	64	8
4458					64
4459	4	0x008e	48674	64	8
4460					64
4461	4	0x008e	64802	4	8
4462					4
4463	4	0x008e	16674	2	8
4464					2
4465	4	0x008e	290	64	8
4466					64
4467	4	0x008e	16418	64	8
4468					64
4469	4	0x008e	32546	64	8
4470					64
4471	4	0x008e	48674	64	8
4472					64
4473	4	0x008e	64802	4	8
4474					4
4475	4	0x008e	16674	2	8
4476					2
4477	4	0x008e	290	64	8
4478					64
4479	4	0x008e	16418	64	8
4480					64
4481	4	0x008e	32546	64	8
4482					64
4483	4	0x008e	48674	64	8
4484					64
4485	4	0x008e	64802	4	8
4486					4
4487	4	0x008e	16674	2	8
4488					2
4489	4	0x008e	290	64	8
4490					64
4491	4	0x008e	16418	64	8
4492					64
4493	4	0x008e	32546	64	8
4494					64
4495	4	0x008e	48674	64	8
4496					64
4497	4	0x008e	64802	4	8
4498					4
4499	4	0x008e	16674	2	8
4500					2
4501	4	0x008e	290	64	8
4502					64
4503	4	0x008e	16418	64	8
4504					64
4505	4	0x008e	32546	64	8
4506					64
4507	4	0x008e	48674	64	8
4508					64
4509	4	0x008e	64802	4	8
4510					4
4511	4	0x008e	16674	2	8
4512					2
4513	4	0x008e	290	64	8
4514					64
4515	4	0x008e	16418	64	8
4516					64
4517	4	0x008e	32546	64	8
4518					64
4519	4	0x008e	48674	64	8
4520					64
4521	4	0x008e	64802	4	8
4522					4
4523	4	0x008e	16674	2	8
4524					2
4525	4	0x008e	290	64	8
4526					64
4527	4	0x008e	16418	64	8
4528					64
4529	4	0x008e	32546	64	8
4530					64
4531	4	0x008e	48674	64	8
4532					64
4533	4	0x008e	64802	4	8
4534					4
4535	4	0x008e	16674	2	8
4536					2
4537	4	0x008e	290	64	8
4538					64
4539	4	0x008e	16418	64	8
4540					64
4541	4	0x008e	32546	64	8
4542					64
4543	4	0x008e	48674	64	8
4544					64
4545	4	0x008e	64802	4	8
4546					4
4547	4	0x008e	16674	2	8
4548					2
4549	4	0x008e	290	64	8
4550					64
4551	4	0x008e	16418	64	8
4552					64
4553	4	0x008e	32546	64	8
4554					64
4555	4	0x008e	48674	64	8
4556					64
4557	4	0x008e	64802	4	8
4558					4
4559	4	0x008e	16674	2	8
4560					2
4561	4	0x008e	290	64	8
4562					64
4563	4	0x008e	16418	64	8
4564					64
4565	4	0x008e	32546	64	8
4566					64
4567	4	0x008e	48674	64	8
4568					64
4569	4	0x008e	64802	4	8
4570					4
4571	4	0x008e	16674	2	8
4572					2
4573	4	0x008e	290	64	8
4574					64
4575	4	0x008e	16418	64	8
4576					64
4577	4	0x008e	32546	64	8
4578					64
4579	4	0x008e	48674	64	8
4580					64
4581	4	0x008e	64802	4	8
4582					4
4583	4	0x008e	16674	2	8
4584					2
4585	4	0x008e	290	64	8
4586					64
4587	4	0x008e	16418	64	8
4588					64
4589	4	0x008e	32546	64	8
4590					64
4591	4	0x008e	48674	64	8
4592					64
4593	4	0x008e	64802	4	8
4594					4
4595	4	0x008e	16674	2	8
4596					2
4597	4	0x008e	290	64	8
4598					64
4599	4	0x008e	16418	64	8
4600					64
4601	4	0x008e	32546	64	8
4602					64
4603	4	0x008e	48674	64	8
4604					64
4605	4	0x008e	64802	4	8
4606					4
4607	4	0x008e	16674	2	8
4608					2
4609	4	0x008e	290	64	8
4610					64
4611	4	0x008e	16418	64	8
4612					64
4613	4	0x008e	32546	64	8
4614					64
4615	4	0x008e	48674	64	8
4616					64
4617	4	0x008e	64802	4	8
4618					4
4619	4	0x008e	16674	2	8
4620					2
4621	4	0x008e	290	64	8
4622					64
4623	4	0x008e	16418	64	8
4624					64
4625	4	0x008e	32546	64	8
4626					64
4627	4	0x008e	48674	64	8
4628					64
4629	4	0x008e	64802	4	8
4630					4
4631	4	0x008e	16674	2	8
4632					2
4633	4	0x008e	290	64	8
4634					64
4635	4	0x008e	16418	64	8
4636					64
4637	4	0x008e	32546	64	8
4638					64
4639	4	0x008e	48674	64	8
4640					64
4641	4	0x008e	64802	4	8
4642					4
4643	4	0x008e	16674	2	8
4644					2
4645	4	0x008e	290	64	8
4646					64
4647	4	0x008e	16418	64	8
4648					64
4649	4	0x008e	32546	64	8
4650					64
4651	4	0x008e	48674	64	8
4652					64
4653	4	0x008e	64802	4	8
4654					4
4655	4	0x008e	16674	2	8
4656					2
4657	4	0x008e	290	64	8
4658					64
4659	4	0x008e	16418	64	8
4660					64
4661	4	0x008e	32546	64	8
4662					64
4663	4	0x008e	48674	64	8
4664					64
4665	4	0x008e	64802	4	8
4666					4
4667	4	0x008e	16674	2	8
4668					2
4669	4	0x008e	290	64	8
4670					64
4671	4	0x008e	16418	64	8
4672					64
4673	4	0x008e	32546	64	8
4674					64
4675	4	0x008e	48674	64	8
4676					64
4677	4	0x008e	64802	4	8
4678					4
4679	4	0x008e	16674	2	8
4680					2
4681	4	0x008e	290	64	8
4682					64
4683	4	0x008e	16418	64	8
4686					64
4687	4	0x008e	32546	64	8
4688					64
4689	4	0x008e	48674	64	8
4690					64
4691	4	0x008e	64802	4	8
4692					4
4693	4	0x008e	16674	2	8
4694					2
4695	4	0x008e	290	64	8
4696					64
4697	4	0x008e	16418	64	8
4698					64
4699	4	0x008e	32546	64	8
4700					64
4701	4	0x008e	48674	64	8
4702					64
4703	4	0x008e	64802	4	8
4704					4
4705	4	0x008e	16674	2	8
4706					2
4707	4	0x008e	290	64	8
4708					64
4709	4	0x008e	16418	64	8
4710					64
4711	4	0x008e	32546	64	8
4712					64
4713	4	0x008e	48674	64	8
4714					64
4715	4	0x008e	64802	4	8
4716					4
4717	4	0x008e	16674	2	8
4718					2
4719	4	0x008e	290	64	8
4720					64
4721	4	0x008e	16418	64	8
4724					64
4725	4	0x008e	32546	64	8
4726					64
4727	4	0x008e	48674	64	8
4728					64
4729	4	0x008e	64802	4	8
4730					4
4731	4	0x008e	16674	2	8
4732					2
4733	4	0x008e	290	64	8
4734					64
4735	4	0x008e	16418	64	8
4736					64
4737	4	0x008e	32546	64	8
4738					64
4739	4	0x008e	48674	64	8
4740					64
4741	4	0x008e	64802	4	8
4742					4
4743	4	0x008e	16674	2	8
4744					2
4745	4	0x008e	290	64	8
4746					64
4747	4	0x008e	16418	64	8
4748					64
4749	4	0x008e	32546	64	8
4750					64
4751	4	0x008e	48674	64	8
4752					64
4753	4	0x008e	64802	4	8
4754					4
4755	4	0x008e	16674	2	8
4756					2
4757	4	0x008e	290	64	8
4758					64
4759	4	0x008e	16418	64	8
4760					64
4761	4	0x008e	32546	64	8
4762					64
4763	4	0x008e	48674	64	8
4764					64
4765	4	0x008e	64802	4	8
4766					4
4767	4	0x008e	16674	2	8
4768					2
4769	4	0x008e	290	64	8
4770					64
4771	4	0x008e	16418	64	8
4774					64
4775	4	0x008e	32546	64	8
4776					64
4777	4	0x008e	48674	64	8
4778					64
4779	4	0x008e	64802	4	8
4780					4
4781	4	0x008e	16674	2	8
4782					2
4783	4	0x008e	290	64	8
4784					64
4785	4	0x008e	16418	64	8
4786					64
4787	4	0x008e	32546	64	8
4788					64
4789	4	0x008e	48674	64	8
4790					64
4791	4	0x008e	64802	4	8
4792					4
4793	4	0x008e	16674	2	8
4794					2
4795	4	0x008e	290	64	8
4796					64
4797	4	0x008e	16418	64	8
4798					64
4799	4	0x008e	32546	64	8
4800					64
4801	4	0x008e	48674	64	8
4802					64
4803	4	0x008e	64802	4	8
4804					4
4805	4	0x008e	16674	2	8
4806					2
4807	4	0x008e	290	64	8
4808					64
4809	4	0x008e	16418	64	8
4810					64
4811	4	0x008e	32546	64	8
4812					64
4813	4	0x008e	48674	64	8
4814					64
4815	4	0x008e	64802	4	8
4816					4
4817	4	0x008e	16674	2	8
4818					2
4819	4	0x008e	290	64	8
4820					64
4821	4	0x008e	16418	64	8
4822					64
4823	4	0x008e	32546	64	8
4824					64
4825	4	0x008e	48674	64	8
4828					64
4829	4	0x008e	64802	4	8
4830					4
4831	4	0x008e	16674	2	8
4832					2
4833	4	0x008e	290	64	8
4834					64
4835	4	0x008e	16418	64	8
4836					64
4837	4	0x008e	32546	64	8
4838					64
4839	4	0x008e	48674	64	8
4840					64
4841	4	0x008e	64802	4	8
4842					4
4843	4	0x008e	16674	2	8
4844					2
4845	4	0x008e	290	64	8
4846					64
4847	4	0x008e	16418	64	8
4848					64
4849	4	0x008e	32546	64	8
4850					64
4851	4	0x008e	48674	64	8
4852					64
4853	4	0x008e	64802	4	8
4854					4
4855	4	0x008e	16674	2	8
4856					2
4857	4	0x008e	290	64	8
4858					64
4859	4	0x008e	16418	64	8
4860					64
4861	4	0x008e	32546	64	8
4862					64
4863	4	0x008e	48674	64	8
4864					64
4865	4	0x008e	64802	4	8
4866					4
4867	4	0x008e	16674	2	8
4868					2
4869	4	0x008e	290	64	8
4870					64
4871	4	0x008e	16418	64	8
4872					64
4873	4	0x008e	32546	64	8
4874					64
4875	4	0x008e	48674	64	8
4876					64
4877	4	0x008e	64802	4	8
4878					4
4879	4	0x008e	16674	2	8
4880					2
4881	4	0x008e	290	64	8
4882					64
4883	4	0x008e	16418	64	8
4884					64
4885	4	0x008e	32546	64	8
4886					64
4887	4	0x008e	48674	64	8
4888					64
4889	4	0x008e	64802	4	8
4890					4
4891	4	0x008e	16674	2	8
4892					2
4893	4	0x008e	290	64	8
4894					64
4895	4	0x008e	16418	64	8
4896					64
4897	4	0x008e	32546	64	8
4898					64
4899	4	0x008e	48674	64	8
4900					64
4901	4	0x008e	64802	4	8
4902					4
4903	4	0x008e	16674	2	8
4904					2
4905	4	0x008e	290	64	8
4906					64
4907	4	0x008e	16418	64	8
4908					64
4909	4	0x008e	32546	64	8
4910					64
4911	4	0x008e	48674	64	8
4912					64
4913	4	0x008e	64802	4	8
4914					4
4915	4	0x008e	16674	2	8
4916					2
4917	4	0x008e	290	64	8
4918					64
4919	4	0x008e	16418	64	8
4920					64
4921	4	0x008e	32546	64	8
4922					64
4923	4	0x008e	48674	64	8
4924					64
4925	4	0x008e	64802	4	8
4926					4
4927	4	0x008e	16674	2	8
4928					2
4929	4	0x008e	290	64	8
4930					64
4931	4	0x008e	16418	64	8
4932					64
4933	4	0x008e	32546	64	8
4934					64
4935	4	0x008e	48674	64	8
4936					64
4937	4	0x008e	64802	4	8
4938					4
4939	4	0x008e	16674	2	8
4940					2
4941	4	0x008e	290	64	8
4942					64
4943	4	0x008e	16418	64	8
4944					64
4945	4	0x008e	32546	64	8
4946					64
4947	4	0x008e	48674	64	8
4948					64
4949	4	0x008e	64802	4	8
4950					4
4951	4	0x008e	16674	2	8
4952					2
4953	4	0x008e	290	64	8
4954					64
4955	4	0x008e	16418	64	8
4956					64
4957	4	0x008e	32546	64	8
4958					64
4959	4	0x008e	48674	64	8
4960					64
4961	4	0x008e	64802	4	8
4962					4
4963	4	0x008e	16674	2	8
4964					2
4965	4	0x008e	290	64	8
4966					64
4967	4	0x008e	16418	64	8
4968					64
4969	4	0x008e	32546	64	8
4970					64
4971	4	0x008e	48674	64	8
4972					64
4973	4	0x008e	64802	4	8
4974					4
4975	4	0x008e	16674	2	8
4976					2
4977	4	0x008e	290	64	8
4978					64
4979	4	0x008e	16418	64	8
4980					64
4981	4	0x008e	32546	64	8
4982					64
4983	4	0x008e	48674	64	8
4984					64
4985	4	0x008e	64802	4	8
4986					4
4987	4	0x008e	16674	2	8
4988					2
4989	4	0x008e	290	64	8
4990					64
4991	4	0x008e	16418	64	8
4992					64
4993	4	0x008e	32546	64	8
4994					64
4995	4	0x008e	48674	64	8
4996					64
4997	4	0x008e	64802	4	8
4998					4
4999	4	0x008e	16674	2	8
5000					2
5001	4	0x008e	290	64	8
5002					64
5003	4	0x008e	16418	64	8
5004					64
5005	4	0x008e	32546	64	8
5006					64
5007	4	0x008e	48674	64	8
5008					64
5009	4	0x008e	64802	4	8
5010					4
5011	4	0x008e	16674	2	8
5012					2
5013	4	0x008e	290	64	8
5014					64
5015	4	0x008e	16418	64	8
5016					64
5017	4	0x008e	32546	64	8
5018					64
5019	4	0x008e	48674	64	8
5020					64
5021	4	0x008e	64802	4	8
5022					4
5023	4	0x008e	16674	2	8
5024					2
5025	4	0x008e	290	64	8
5026					64
5027	4	0x008e	16418	64	8
5028					64
5029	4	0x008e	32546	64	8
5030					64
5031	4	0x008e	48674	64	8
5032					64
5033	4	0x008e	64802	4	8
5034					4
5035	4	0x008e	16674	2	8
5036					2
5037	4	0x008e	290	64	8
5038					64
5039	4	0x008e	16418	64	8
5040					64
5041	4	0x008e	32546	64	8
5042					64
5043	4	0x008e	48674	64	8
5044					64
5045	4	0x008e	64802	4	8
5046					4
5047	4	0x008e	16674	2	8
5048					2
5049	4	0x008e	290	64	8
5050					64
5051	4	0x008e	16418	64	8
5052					64
5053	4	0x008e	32546	64	8
5054					64
5055	4	0x008e	48674	64	8
5058					64
5059	4	0x008e	64802	4	8
5060					4
5061	4	0x008e	16674	2	8
5062					2
5063	4	0x008e	290	64	8
5064					64
5065	4	0x008e	16418	64	8
5066					64
5067	4	0x008e	32546	64	8
5068					64
5069	4	0x008e	48674	64	8
5070					64
5071	4	0x008e	64802	4	8
5072					4
5073	4	0x008e	16674	2	8
5074					2
5075	4	0x008e	290	64	8
5076					64
5077	4	0x008e	16418	64	8
5078					64
5079	4	0x008e	32546	64	8
5080					64
5081	4	0x008e	48674	64	8
5082					64
5083	4	0x008e	64802	4	8
5084					4
5085	4	0x008e	16674	2	8
5088					2
5089	4	0x008e	290	64	8
5090					64
5091	4	0x008e	16418	64	8
5092					64
5093	4	0x008e	32546	64	8
5094					64
5095	4	0x008e	48674	64	8
5096					64
5097	4	0x008e	64802	4	8
5098					4
5099	4	0x008e	16674	2	8
5100					2
5101	4	0x008e	290	64	8
5102					64
5103	4	0x008e	16418	64	8
5104					64
5105	4	0x008e	32546	64	8
5106					64
5107	4	0x008e	48674	64	8
5108					64
5109	4	0x008e	64802	4	8
5110					4
5111	4	0x008e	16674	2	8
5112					2
5113	4	0x008e	290	64	8
5114					64
5115	4	0x008e	16418	64	8
5118					64
5119	4	0x008e	32546	64	8
5120					64
5121	4	0x008e	48674	64	8
5122					64
5123	4	0x008e	64802	4	8
5124					4
5125	4	0x008e	16674	2	8
5126					2
5127	4	0x008e	290	64	8
5128					64
5129	4	0x008e	16418	64	8
5130					64
5131	4	0x008e	32546	64	8
5132					64
5133	4	0x008e	48674	64	8
5134					64
5135	4	0x008e	64802	4	8
5136					4
5137	4	0x008e	16674	2	8
5138					2
5139	4	0x008e	290	64	8
5140					64
5141	4	0x008e	16418	64	8
5142					64
5143	4	0x008e	32546	64	8
5144					64
5145	4	0x008e	48674	64	8
5148					64
5149	4	0x008e	64802	4	8
5150					4
5151	4	0x008e	16674	2	8
5152					2
5153	4	0x008e	290	64	8
5154					64
5155	4	0x008e	16418	64	8
5156					64
5157	4	0x008e	32546	64	8
5158					64
5159	4	0x008e	48674	64	8
5160					64
5161	4	0x008e	64802	4	8
5162					4
5163	4	0x008e	16674	2	8
5164					2
5165	4	0x008e	290	64	8
5166					64
5167	4	0x008e	16418	64	8
5168					64
5169	4	0x008e	32546	64	8
5170					64
5171	4	0x008e	48674	64	8
5172					64
5173	4	0x008e	64802	4	8
5174					4
5175	4	0x008e	16674	2	8
5176					2
5177	4	0x008e	290	64	8
5178					64
5179	4	0x008e	16418	64	8
5180					64
5181	4	0x008e	32546	64	8
5182					64
5183	4	0x008e	48674	64	8
5184					64
5185	4	0x008e	64802	4	8
5186					4
5187	4	0x008e	16674	2	8
5188					2
5189	4	0x008e	290	64	8
5190					64
5191	4	0x008e	16418	64	8
5192					64
5193	4	0x008e	32546	64	8
5194					64
5195	4	0x008e	48674	64	8
5196					64
5197	4	0x008e	64802	4	8
5198					4
5199	4	0x008e	16674	2	8
5200					2
5201	4	0x008e	290	64	8
5202					64
5203	4	0x008e	16418	64	8
5204					64
5205	4	0x008e	32546	64	8
5206					64
5207	4	0x008e	48674	64	8
5208					64
5209	4	0x008e	64802	4	8
5210					4
5211	4	0x008e	16674	2	8
5212					2
5213	4	0x008e	290	64	8
5214					64
5215	4	0x008e	16418	64	8
5216					64
5217	4	0x008e	32546	64	8
5218					64
5219	4	0x008e	48674	64	8
5220					64
5221	4	0x008e	64802	4	8
5222					4
5223	4	0x008e	16674	2	8
5224					2
5225	4	0x008e	290	64	8
5226					64
5227	4	0x008e	16418	64	8
5228					64
5229	4	0x008e	32546	64	8
5230					64
5231	4	0x008e	48674	64	8
5232					64
5233	4	0x008e	64802	4	8
5234					4
5235	4	0x008e	16674	2	8
5236					2
5237	4	0x008e	290	64	8
5238					64
5239	4	0x008e	16418	64	8
5240					64
5241	4	0x008e	32546	64	8
5242					64
5243	4	0x008e	48674	64	8
5244					64
5245	4	0x008e	64802	4	8
5246					4
5247	4	0x008e	16674	2	8
5248					2
5249	4	0x008e	290	64	8
5250					64
5251	4	0x008e	16418	64	8
5252					64
5253	4	0x008e	32546	64	8
5254					64
5255	4	0x008e	48674	64	8
5256					64
5257	4	0x008e	64802	4	8
5258					4
5259	4	0x008e	16674	2	8
5260					2
5261	4	0x008e	290	64	8
5262					64
5263	4	0x008e	16418	64	8
5264					64
5265	4	0x008e	32546	64	8
5266					64
5267	4	0x008e	48674	64	8
5268					64
5269	4	0x008e	64802	4	8
5270					4
5271	4	0x008e	16674	2	8
5274					2
5275	4	0x008e	290	64	8
5276					64
5277	4	0x008e	16418	64	8
5278					64
5279	4	0x008e	32546	64	8
5280					64
5281	4	0x008e	48674	64	8
5282					64
5283	4	0x008e	64802	4	8
5284					4
5285	4	0x008e	16674	2	8
5286					2
5287	4	0x008e	290	64	8
5288					64
5289	4	0x008e	16418	64	8
5290					64
5291	4	0x008e	32546	64	8
5292					64
5293	4	0x008e	48674	64	8
5294					64
5295	4	0x008e	64802	4	8
5296					4
5297	4	0x008e	16674	2	8
5300					2
5301	4	0x008e	290	64	8
5302					64
5303	4	0x008e	16418	64	8
5304					64
5305	4	0x008e	32546	64	8
5306					64
5307	4	0x008e	48674	64	8
5308					64
5309	4	0x008e	64802	4	8
5310					4
5311	4	0x008e	16674	2	8
5312					2
5313	4	0x008e	290	64	8
5314					64
5315	4	0x008e	16418	64	8
5316					64
5317	4	0x008e	32546	64	8
5318					64
5319	4	0x008e	48674	64	8
5320					64
5321	4	0x008e	64802	4	8
5322					4
5323	4	0x008e	16674	2	8
5324					2
5325	4	0x008e	290	64	8
5326					64
5327	4	0x008e	16418	64	8
5328					64
5329	4	0x008e	32546	64	8
5330					64
5331	4	0x008e	48674	64	8
5332					64
5333	4	0x008e	64802	4	8
5334					4
5335	4	0x008e	16674	2	8
5336					2
5337	4	0x008e	290	64	8
5338					64
5339	4	0x008e	16418	64	8
5340					64
5341	4	0x008e	32546	64	8
5342					64
5343	4	0x008e	48674	64	8
5344					64
5345	4	0x008e	64802	4	8
5346					4
5347	4	0x008e	16674	2	8
5350					2
5351	4	0x008e	290	64	8
5352					64
5353	4	0x008e	16418	64	8
5354					64
5355	4	0x008e	32546	64	8
5356					64
5357	4	0x008e	48674	64	8
5358					64
5359	4	0x008e	64802	4	8
5360					4
5361	4	0x008e	16674	2	8
5362					2
5363	4	0x008e	290	64	8
5364					64
5365	4	0x008e	16418	64	8
5366					64
5367	4	0x008e	32546	64	8
5368					64
5369	4	0x008e	48674	64	8
5370					64
5371	4	0x008e	64802	4	8
5372					4
5373	4	0x008e	16674	2	8
5374					2
5375	4	0x008e	290	64	8
5376					64
5377	4	0x008e	16418	64	8
5378					64
5379	4	0x008e	32546	64	8
5380					64
5381	4	0x008e	48674	64	8
5382					64
5383	4	0x008e	64802	4	8
5384					4
5385	4	0x008e	16674	2	8
5386					2
5387	4	0x008e	290	64	8
5388					64
5389	4	0x008e	16418	64	8
5390					64
5391	4	0x008e	32546	64	8
5392					64
5393	4	0x008e	48674	64	8
5394					64
5395	4	0x008e	64802	4	8
5396					4
5397	4	0x008e	16674	2	8
5398					2
5399	4	0x008e	290	64	8
5400					64
5401	4	0x008e	16418	64	8
5404					64
5405	4	0x008e	32546	64	8
5406					64
5407	4	0x008e	48674	64	8
5408					64
5409	4	0x008e	64802	4	8
5410					4
5411	4	0x008e	16674	2	8
5412					2
5413	4	0x008e	290	64	8
5414					64
5415	4	0x008e	16418	64	8
5416					64
5417	4	0x008e	32546	64	8
5418					64
5419	4	0x008e	48674	64	8
5420					64
5421	4	0x008e	64802	4	8
5422					4
5423	4	0x008e	16674	2	8
5424					2
5425	4	0x008e	290	64	8
5426					64
5427	4	0x008e	16418	64	8
5428					64
5429	4	0x008e	32546	64	8
5430					64
5431	4	0x008e	48674	64	8
5432					64
5433	4	0x008e	64802	4	8
5434					4
5435	4	0x008e	16674	2	8
5436					2
5437	4	0x008e	290	64	8
5438					64
5439	4	0x008e	16418	64	8
5440					64
5441	4	0x008e	32546	64	8
5442					64
5443	4	0x008e	48674	64	8
5444					64
5445	4	0x008e	64802	4	8
5446					4
5447	4	0x008e	16674	2	8
5450					2
5451	4	0x008e	290	64	8
5452					64
5453	4	0x008e	16418	64	8
5454					64
5455	4	0x008e	32546	64	8
5456					64
5457	4	0x008e	48674	64	8
5458					64
5459	4	0x008e	64802	4	8
5460					4
5461	4	0x008e	16674	2	8
5462					2
5463	4	0x008e	290	64	8
5464					64
5465	4	0x008e	16418	64	8
5466					64
5467	4	0x008e	32546	64	8
5468					64
5469	4	0x008e	48674	64	8
5472					64
5473	4	0x008e	64802	4	8
5474					4
5475	4	0x008e	16674	2	8
5476					2
5477	4	0x008e	290	64	8
5478					64
5479	4	0x008e	16418	64	8
5480					64
5481	4	0x008e	32546	64	8
5482					64
5483	4	0x008e	48674	64	8
5484					64
5485	4	0x008e	64802	4	8
5486					4
5487	4	0x008e	16674	2	8
5488					2
5489	4	0x008e	290	64	8
5490					64
5491	4	0x008e	16418	64	8
5492					64
5493	4	0x008e	32546	64	8
5494					64
5495	4	0x008e	48674	64	8
5496					64
5497	4	0x008e	64802	4	8
5498					4
5499	4	0x008e	16674	2	8
5500					2
5501	4	0x008e	290	64	8
5502					64
5503	4	0x008e	16418	64	8
5504					64
5505	4	0x008e	32546	64	8
5506					64
5507	4	0x008e	48674	64	8
5508					64
5509	4	0x008e	64802	4	8
5510					4
5511	4	0x008e	16674	2	8
5512					2
5513	4	0x008e	290	64	8
5514					64
5515	4	0x008e	16418	64	8
5516					64
5517	4	0x008e	32546	64	8
5518					64
5519	4	0x008e	48674	64	8
5520					64
5521	4	0x008e	64802	4	8
5522					4
5523	4	0x008e	16674	2	8
5524					2
5525	4	0x008e	290	64	8
5526					64
5527	4	0x008e	16418	64	8
5528					64
5529	4	0x008e	32546	64	8
5530					64
5531	4	0x008e	48674	64	8
5532					64
5533	4	0x008e	64802	4	8
5534					4
5535	4	0x008e	16674	2	8
5536					2
5537	4	0x008e	290	64	8
5538					64
5539	4	0x008e	16418	64	8
5540					64
5541	4	0x008e	32546	64	8
5542					64
5543	4	0x008e	48674	64	8
5544					64
5545	4	0x008e	64802	4	8
5546					4
5547	4	0x008e	16674	2	8
5548					2
5549	4	0x008e	290	64	8
5550					64
5551	4	0x008e	16418	64	8
5552					64
5553	4	0x008e	32546	64	8
5554					64
5555	4	0x008e	48674	64	8
5556					64
5557	4	0x008e	64802	4	8
5558					4
5559	4	0x008e	16674	2	8
5560					2
5561	4	0x008e	290	64	8
5562					64
5563	4	0x008e	16418	64	8
5564					64
5565	4	0x008e	32546	64	8
5566					64
5567	4	0x008e	48674	64	8
5568					64
5569	4	0x008e	64802	4	8
5570					4
5571	4	0x008e	16674	2	8
5572					2
5573	4	0x008e	290	64	8
5574					64
5575	4	0x008e	16418	64	8
5576					64
5577	4	0x008e	32546	64	8
5578					64
5579	4	0x008e	48674	64	8
5580					64
5581	4	0x008e	64802	4	8
5582					4
5583	4	0x008e	16674	2	8
5584					2
5585	4	0x008e	290	64	8
5586					64
5587	4	0x008e	16418	64	8
5588					64
5589	4	0x008e	32546	64	8
5590					64
5591	4	0x008e	48674	64	8
5592					64
5593	4	0x008e	64802	4	8
5594					4
5595	4	0x008e	16674	2	8
5596					2
5597	4	0x0082	0	8	16
5598					0
5601	4	0x0083	0	2	10
5602					0
5603	4	0x0083	0	2	10
5604					0
5605	4	0x0083	0	6	14
5606					0
5607	4	0x0083	0	2	10
5608					0
5609	4	0x008e	16674	2	8
5610					2
5611	4	0x008e	18466	4	8
5612					4
5613	4	0x0083	0	2	10
5614					0
5615	4	0x0083	0	2	10
5616					0
5617	4	0x008e	290	64	8
5618					64
5619	4	0x008e	16418	64	8
5620					64
5621	4	0x008e	32546	64	8
5622					64
5623	4	0x008e	48674	64	8
5624					64
5625	4	0x008e	64802	4	8
5626					4
5627	4	0x008e	16674	2	8
5628					2
5629	4	0x008e	19234	4	8
5630					4
5631	4	0x008e	290	64	8
5632					64
5633	4	0x008e	16418	64	8
5634					64
5635	4	0x008e	32546	64	8
5636					64
5637	4	0x008e	48674	64	8
5638					64
5639	4	0x008e	64802	4	8
5640					4
5641	4	0x008e	16674	2	8
5642					2
5643	4	0x0083	0	2	10
5644					0
5645	4	0x0083	0	2	10
5646					0
5647	4	0x0083	0	2	10
5648					0
5649	4	0x0083	0	2	10
5650					0
5651	4	0x0083	0	2	10
5652					0
5653	4	0x0083	0	2	10
5654					0
5655	4	0x0083	0	2	10
5656					0
5657	4	0x008e	290	64	8
5658					64
5659	4	0x008e	16418	64	8
5660					64
5661	4	0x008e	32546	64	8
5662					64
5663	4	0x008e	48674	64	8
5664					64
5665	4	0x008e	64802	4	8
5666					4
5667	4	0x0083	0	2	10
5668					0
5669	12	0x008c	16	1	9
5670					0
5671	12	0x008c	19	1	9
5672					0
5673	4	0x0083	0	64	72
5674					0
5675	4	0x0083	0	64	72
5676					0
5677	4	0x0083	0	64	72
5678					0
5679	4	0x0083	0	8	16
5680					0
5681	4	0x0083	0	54	62
5682					0
5683	4	0x0084	57862	4	8
5684					4
5685	4	0x008e	290	64	8
5686					64
5687	4	0x008e	16418	64	8
5688					64
5689	4	0x008e	32546	64	8
5690					64
5691	4	0x008e	48674	64	8
5692					64
5693	4	0x008e	64802	4	8
5694					4
5695	4	0x008e	16674	2	8
5696					2
5697	4	0x008e	2594	2	8
5698					2
5699	4	0x0083	0	2	10
5700					0
5701	4	0x008e	16418	2	8
5702					2
5703	4	0x0083	0	2	10
5704					0
5705	4	0x0083	0	2	10
5706					0
5707	4	0x0083	0	2	10
5708					0
5709	4	0x0083	0	2	10
5710					0
5711	4	0x0083	0	2	10
5712					0
