7	6			18	8
8					18
9	6			39	8
10					39
11	9		0	0	8
12					0
21	4	0x008e	290	64	8
22					64
23	4	0x008e	16418	64	8
24					64
25	4	0x008e	32546	64	8
26					64
27	4	0x008e	48674	64	8
28					64
29	4	0x008e	64802	4	8
30					4
31	4	0x0083	0	2	10
32					0
33	4	0x0083	0	2	10
34					0
35	4	0x0083	0	2	10
36					0
37	4	0x0083	0	2	10
38					0
39	4	0x0083	0	2	10
40					0
41	4	0x0083	0	2	10
42					0
43	4	0x0083	0	2	10
44					0
45	4	0x008e	16674	2	8
46					2
47	4	0x0083	0	2	10
48					0
49	12	0x008c	16	1	9
50					0
51	12	0x008c	19	1	9
52					0
53	4	0x0082	1	8	16
54					0
57	12	0x008e	11	1	8
58					1
59	4	0x0083	0	2	10
60					0
61	4	0x0083	0	6	14
62					0
63	4	0x0083	0	2	10
64					0
65	4	0x0083	0	64	72
66					0
67	4	0x0083	0	64	72
68					0
69	4	0x0083	0	64	72
70					0
71	4	0x0083	0	8	16
72					0
73	4	0x0083	0	54	62
74					0
75	4	0x0083	0	2	10
76					0
77	12	0x008c	16	1	9
78					0
79	12	0x008c	19	1	9
80					0
81	4	0x0084	57862	4	8
82					4
83	4	0x008e	290	64	8
84					64
85	4	0x008e	16418	64	8
86					64
87	4	0x008e	32546	64	8
88					64
89	4	0x008e	48674	64	8
90					64
91	4	0x008e	64802	4	8
92					4
93	4	0x008e	16674	2	8
94					2
95	4	0x008e	2594	2	8
96					2
97	4	0x0083	0	2	10
98					0
99	4	0x008e	16418	2	8
100					2
101	4	0x0083	0	2	10
102					0
103	4	0x0083	0	2	10
104					0
105	4	0x0083	0	2	10
106					0
107	4	0x0083	0	2	10
108					0
109	4	0x0083	0	2	10
110					0
111	4	0x008e	290	64	8
112					64
113	4	0x008e	16418	64	8
114					64
115	4	0x008e	32546	64	8
116					64
117	4	0x008e	48674	64	8
118					64
119	4	0x008e	64802	4	8
120					4
121	4	0x0083	0	2	10
122					0
123	12	0x008c	16	1	9
124					0
125	12	0x008c	19	1	9
126					0
127	4	0x0083	0	64	72
128					0
129	4	0x0083	0	64	72
130					0
131	4	0x0083	0	64	72
132					0
133	4	0x0083	0	8	16
134					0
135	4	0x0083	0	54	62
136					0
137	4	0x0084	57862	4	8
138					4
139	4	0x008e	290	64	8
140					64
141	4	0x008e	16418	64	8
142					64
143	4	0x008e	32546	64	8
144					64
145	4	0x008e	48674	64	8
146					64
147	4	0x008e	64802	4	8
148					4
149	4	0x008e	16674	2	8
150					2
151	4	0x008e	2594	2	8
152					2
153	4	0x0083	0	2	10
154					0
155	4	0x008e	16418	2	8
156					2
157	4	0x0083	0	2	10
158					0
159	4	0x0083	0	2	10
160					0
161	4	0x0083	0	2	10
162					0
163	4	0x0083	0	2	10
164					0
165	4	0x0083	0	2	10
166					0
183	4	0x008e	290	64	8
184					64
185	4	0x008e	16418	64	8
186					64
187	4	0x008e	32546	64	8
188					64
189	4	0x008e	48674	64	8
190					64
191	4	0x008e	64802	4	8
192					4
193	4	0x0083	0	2	10
194					0
195	12	0x008c	16	1	9
196					0
197	12	0x008c	19	1	9
198					0
199	4	0x0083	0	64	72
200					0
201	4	0x0083	0	64	72
202					0
203	4	0x0083	0	64	72
204					0
205	4	0x0083	0	8	16
206					0
207	4	0x0083	0	54	62
208					0
209	4	0x0084	57862	4	8
210					4
211	4	0x008e	290	64	8
212					64
213	4	0x008e	16418	64	8
214					64
215	4	0x008e	32546	64	8
216					64
217	4	0x008e	48674	64	8
218					64
219	4	0x008e	64802	4	8
220					4
221	4	0x008e	16674	2	8
222					2
223	4	0x008e	2594	2	8
224					2
225	4	0x0083	0	2	10
226					0
227	4	0x008e	16418	2	8
228					2
229	4	0x0083	0	2	10
230					0
231	4	0x0083	0	2	10
232					0
233	4	0x0083	0	2	10
234					0
235	4	0x0083	0	2	10
236					0
237	4	0x0083	0	2	10
238					0
