7	6			18	8
8					18
9	6			39	8
10					39
11	9		0	0	8
12					0
37	4	0x008e	290	64	8
38					64
39	4	0x008e	16418	64	8
40					64
41	4	0x008e	32546	64	8
42					64
43	4	0x008e	48674	64	8
44					64
45	4	0x008e	64802	4	8
46					4
47	4	0x0083	0	2	10
48					0
49	12	0x008c	16	1	9
50					0
51	12	0x008c	19	1	9
52					0
53	4	0x0083	0	64	72
54					0
55	4	0x0083	0	64	72
56					0
57	4	0x0083	0	64	72
58					0
59	4	0x0083	0	8	16
60					0
61	4	0x0083	0	54	62
62					0
63	4	0x0084	57862	4	8
64					4
65	4	0x008e	290	64	8
66					64
67	4	0x008e	16418	64	8
68					64
69	4	0x008e	32546	64	8
70					64
71	4	0x008e	48674	64	8
72					64
73	4	0x008e	64802	4	8
74					4
75	4	0x008e	16674	2	8
76					2
77	4	0x008e	2594	2	8
78					2
79	4	0x0083	0	2	10
80					0
81	4	0x008e	16418	2	8
82					2
83	4	0x0083	0	2	10
84					0
85	4	0x0083	0	2	10
86					0
87	4	0x0083	0	2	10
88					0
89	4	0x0083	0	2	10
90					0
91	4	0x0083	0	2	10
92					0
93	4	0x008e	290	64	8
94					64
95	4	0x008e	16418	64	8
96					64
97	4	0x008e	32546	64	8
98					64
99	4	0x008e	48674	64	8
100					64
101	4	0x008e	64802	4	8
102					4
103	4	0x0083	0	2	10
104					0
105	12	0x008c	16	1	9
106					0
107	12	0x008c	19	1	9
108					0
109	4	0x0083	0	64	72
110					0
111	4	0x0083	0	64	72
112					0
113	4	0x0083	0	64	72
114					0
115	4	0x0083	0	8	16
116					0
117	4	0x0083	0	54	62
118					0
119	4	0x0084	57862	4	8
120					4
121	4	0x008e	290	64	8
122					64
123	4	0x008e	16418	64	8
124					64
125	4	0x008e	32546	64	8
126					64
127	4	0x008e	48674	64	8
128					64
129	4	0x008e	64802	4	8
130					4
131	4	0x008e	16674	2	8
132					2
133	4	0x008e	2594	2	8
134					2
135	4	0x0083	0	2	10
136					0
137	4	0x008e	16418	2	8
138					2
139	4	0x0083	0	2	10
140					0
141	4	0x0083	0	2	10
142					0
143	4	0x0083	0	2	10
144					0
145	4	0x0083	0	2	10
146					0
147	4	0x0083	0	2	10
148					0
149	4	0x008e	290	64	8
150					64
151	4	0x008e	16418	64	8
152					64
153	4	0x008e	32546	64	8
154					64
155	4	0x008e	48674	64	8
156					64
157	4	0x008e	64802	4	8
158					4
159	4	0x0083	0	2	10
160					0
161	12	0x008c	16	1	9
162					0
163	12	0x008c	19	1	9
164					0
165	4	0x0083	0	64	72
166					0
167	4	0x0083	0	64	72
168					0
169	4	0x0083	0	64	72
170					0
171	4	0x0083	0	8	16
172					0
173	4	0x0083	0	54	62
174					0
175	4	0x0084	57862	4	8
176					4
177	4	0x008e	290	64	8
178					64
179	4	0x008e	16418	64	8
180					64
181	4	0x008e	32546	64	8
182					64
183	4	0x008e	48674	64	8
184					64
185	4	0x008e	64802	4	8
186					4
187	4	0x008e	16674	2	8
188					2
189	4	0x008e	2594	2	8
190					2
191	4	0x0083	0	2	10
192					0
193	4	0x008e	16418	2	8
194					2
195	4	0x008e	290	64	8
196					64
197	4	0x008e	16418	64	8
198					64
199	4	0x008e	32546	64	8
200					64
201	4	0x008e	48674	64	8
202					64
203	4	0x008e	64802	4	8
204					4
205	4	0x008e	16674	2	8
206					2
207	12	0x008e	11	1	8
208					1
209	4	0x0083	0	64	72
210					0
211	4	0x0083	0	64	72
212					0
213	4	0x0083	0	64	72
214					0
215	4	0x0083	0	8	16
216					0
217	4	0x0083	0	54	62
218					0
219	4	0x0083	0	54	62
220					0
221	4	0x0083	0	60	68
222					0
223	4	0x0083	0	2	10
224					0
225	12	0x008c	16	1	9
226					0
227	12	0x008c	19	1	9
228					0
229	4	0x008e	290	64	8
230					64
231	4	0x008e	16418	64	8
232					64
233	4	0x008e	32546	64	8
234					64
235	4	0x008e	48674	64	8
236					64
237	4	0x008e	64802	4	8
238					4
239	4	0x0083	0	2	10
240					0
241	4	0x0083	0	2	10
242					0
243	4	0x0083	0	2	10
244					0
245	4	0x0083	0	4	12
246					0
247	4	0x0083	0	4	12
248					0
249	4	0x0083	0	4	12
250					0
251	4	0x0083	0	4	12
252					0
253	4	0x0083	0	4	12
254					0
255	4	0x0083	0	4	12
256					0
257	4	0x0083	0	4	12
258					0
259	4	0x0083	0	4	12
260					0
261	4	0x0083	0	4	12
262					0
263	4	0x0083	0	4	12
264					0
265	4	0x0083	0	4	12
266					0
267	4	0x0083	0	4	12
268					0
269	4	0x0083	0	2	10
270					0
271	4	0x008e	290	64	8
272					64
273	4	0x008e	16418	64	8
274					64
275	4	0x008e	32546	64	8
276					64
277	4	0x008e	48674	64	8
278					64
279	4	0x008e	64802	4	8
280					4
281	4	0x008e	16674	2	8
282					2
283	4	0x008e	290	64	8
284					64
285	4	0x008e	16418	64	8
286					64
287	4	0x008e	32546	64	8
288					64
289	4	0x008e	48674	64	8
290					64
291	4	0x008e	64802	4	8
292					4
293	4	0x008e	16674	2	8
294					2
295	4	0x008e	290	64	8
296					64
297	4	0x008e	16418	64	8
298					64
299	4	0x008e	32546	64	8
300					64
301	4	0x008e	48674	64	8
302					64
303	4	0x008e	64802	4	8
304					4
305	4	0x008e	16674	2	8
306					2
307	4	0x0084	57952	16	8
308					16
309	4	0x0083	0	64	72
310					0
311	4	0x0083	0	64	72
312					0
313	4	0x0083	0	64	72
314					0
315	4	0x0083	0	8	16
316					0
317	4	0x0083	0	54	62
318					0
319	4	0x0083	0	54	62
320					0
321	4	0x0083	0	60	68
322					0
323	4	0x0083	0	2	10
324					0
325	12	0x008c	16	1	9
326					0
327	12	0x008c	19	1	9
328					0
329	4	0x008e	290	64	8
330					64
331	4	0x008e	16418	64	8
332					64
333	4	0x008e	32546	64	8
334					64
335	4	0x008e	48674	64	8
336					64
337	4	0x008e	64802	4	8
338					4
339	4	0x0083	0	2	10
340					0
341	4	0x0083	0	2	10
342					0
343	4	0x0083	0	2	10
344					0
345	4	0x0083	0	4	12
346					0
347	4	0x0083	0	4	12
348					0
349	4	0x0083	0	4	12
350					0
351	4	0x0083	0	4	12
352					0
353	4	0x0083	0	4	12
354					0
355	4	0x0083	0	4	12
356					0
357	4	0x0083	0	4	12
358					0
359	4	0x0083	0	4	12
360					0
361	4	0x0083	0	4	12
362					0
363	4	0x0083	0	4	12
364					0
365	4	0x0083	0	4	12
366					0
367	4	0x0083	0	4	12
368					0
369	4	0x0083	0	2	10
370					0
371	4	0x0083	0	2	10
372					0
373	4	0x0083	0	2	10
374					0
375	4	0x0083	0	36	44
376					0
377	4	0x0083	0	2	10
378					0
379	4	0x0083	0	2	10
380					0
381	4	0x0083	0	2	10
382					0
383	4	0x0083	0	4	12
384					0
385	4	0x0083	0	4	12
386					0
387	4	0x0083	0	4	12
388					0
389	4	0x0083	0	4	12
390					0
391	4	0x0083	0	4	12
392					0
393	4	0x0083	0	4	12
394					0
395	4	0x0083	0	4	12
396					0
397	4	0x0083	0	4	12
398					0
399	4	0x0083	0	4	12
400					0
401	4	0x0083	0	4	12
402					0
403	4	0x0083	0	4	12
404					0
405	4	0x0083	0	4	12
406					0
407	4	0x0083	0	2	10
408					0
409	4	0x0083	0	2	10
410					0
411	4	0x0083	0	2	10
412					0
413	4	0x0083	0	2	10
414					0
415	4	0x0084	57968	16	8
416					16
417	4	0x0084	57952	16	8
418					16
419	4	0x0083	0	36	44
420					0
421	4	0x0082	1	8	16
422					0
425	4	0x0082	1	8	16
426					0
429	4	0x0082	1	8	16
430					0
433	4	0x0083	0	2	10
434					0
435	4	0x0083	0	2	10
436					0
437	4	0x0083	0	2	10
438					0
439	4	0x0083	0	2	10
440					0
441	4	0x0083	0	2	10
442					0
443	4	0x0083	0	2	10
444					0
445	4	0x0083	0	2	10
446					0
447	4	0x0083	0	2	10
448					0
449	4	0x008e	290	64	8
450					64
451	4	0x008e	16418	64	8
452					64
453	4	0x008e	32546	64	8
454					64
455	4	0x008e	48674	64	8
456					64
457	4	0x008e	64802	4	8
458					4
459	4	0x008e	16674	2	8
460					2
461	4	0x0083	0	2	10
462					0
463	4	0x0083	0	2	10
464					0
465	4	0x0083	0	2	10
466					0
467	4	0x008e	290	64	8
468					64
469	4	0x008e	16418	64	8
470					64
471	4	0x008e	32546	64	8
472					64
473	4	0x008e	48674	64	8
474					64
475	4	0x008e	64802	4	8
476					4
477	4	0x008e	16674	2	8
478					2
479	4	0x0083	0	2	10
480					0
481	4	0x0083	0	2	10
482					0
483	4	0x0083	0	2	10
484					0
485	4	0x0083	0	2	10
486					0
487	4	0x0083	0	2	10
488					0
489	4	0x0083	0	2	10
490					0
491	4	0x0083	0	2	10
492					0
493	4	0x0082	1	8	16
494					0
497	4	0x0082	1	8	16
498					0
501	4	0x0082	1	8	16
502					0
505	4	0x008e	16674	2	8
506					2
507	12	0x008e	28	1	8
508					1
509	4	0x008e	18466	4	8
510					4
511	4	0x0083	0	40	48
512					0
513	4	0x0083	0	10	18
514					0
515	4	0x0083	0	2	10
516					0
517	4	0x0083	0	2	10
518					0
519	4	0x0082	1	8	16
520					0
523	4	0x0082	1	8	16
524					0
527	4	0x0083	0	6	14
528					0
529	4	0x0083	0	4	12
530					0
531	4	0x0083	0	4	12
532					0
533	4	0x0083	0	4	12
534					0
535	4	0x0083	0	2	10
536					0
537	4	0x0083	0	2	10
538					0
539	4	0x0083	0	2	10
540					0
541	4	0x0083	0	2	10
542					0
543	4	0x0083	0	2	10
544					0
545	4	0x0082	1	8	16
546					0
549	4	0x0083	0	46	54
550					0
551	4	0x0083	0	2	10
552					0
553	4	0x0083	0	2	10
554					0
555	4	0x008e	16418	3	8
556					3
557	4	0x0083	0	2	10
558					0
559	4	0x0083	0	16	24
560					0
561	4	0x0083	0	2	10
562					0
563	4	0x0083	0	2	10
564					0
565	4	0x0083	0	2	10
566					0
567	4	0x0083	0	2	10
568					0
569	4	0x0083	0	2	10
570					0
571	4	0x0083	0	2	10
572					0
573	4	0x0083	0	2	10
574					0
575	4	0x0083	0	2	10
576					0
577	4	0x008e	290	64	8
578					64
579	4	0x008e	16418	64	8
580					64
581	4	0x008e	32546	64	8
582					64
583	4	0x008e	48674	64	8
584					64
585	4	0x008e	64802	4	8
586					4
587	4	0x008e	16674	2	8
588					2
589	4	0x008e	16418	3	8
590					3
591	4	0x008e	16930	4	8
592					4
593	4	0x0082	0	8	16
594					0
599	4	0x008e	16418	2	8
600					2
601	4	0x008e	290	64	8
602					64
603	4	0x008e	16418	64	8
604					64
605	4	0x008e	32546	64	8
606					64
607	4	0x008e	48674	64	8
608					64
609	4	0x008e	64802	4	8
610					4
611	4	0x008e	16674	2	8
612					2
613	4	0x0082	0	8	16
614					0
619	4	0x008e	16418	2	8
620					2
621	4	0x008e	290	64	8
622					64
623	4	0x008e	16418	64	8
624					64
625	4	0x008e	32546	64	8
626					64
627	4	0x008e	48674	64	8
628					64
629	4	0x008e	64802	4	8
630					4
631	4	0x008e	16674	2	8
632					2
633	4	0x0082	0	8	16
634					0
639	4	0x008e	16418	2	8
640					2
641	4	0x008e	290	64	8
642					64
643	4	0x008e	16418	64	8
644					64
645	4	0x008e	32546	64	8
646					64
647	4	0x008e	48674	64	8
648					64
649	4	0x008e	64802	4	8
650					4
651	4	0x008e	16674	2	8
652					2
653	4	0x0082	0	8	16
654					0
659	4	0x008e	16418	2	8
660					2
661	4	0x008e	290	64	8
662					64
663	4	0x008e	16418	64	8
664					64
665	4	0x008e	32546	64	8
666					64
667	4	0x008e	48674	64	8
668					64
669	4	0x008e	64802	4	8
670					4
671	4	0x008e	16674	2	8
672					2
673	4	0x0082	0	8	16
674					0
679	4	0x008e	16418	2	8
680					2
681	4	0x008e	290	64	8
682					64
683	4	0x008e	16418	64	8
684					64
685	4	0x008e	32546	64	8
686					64
687	4	0x008e	48674	64	8
688					64
689	4	0x008e	64802	4	8
690					4
691	4	0x008e	16674	2	8
692					2
693	4	0x0082	0	8	16
694					0
699	4	0x008e	16418	2	8
700					2
701	4	0x008e	290	64	8
702					64
703	4	0x008e	16418	64	8
704					64
705	4	0x008e	32546	64	8
706					64
707	4	0x008e	48674	64	8
708					64
709	4	0x008e	64802	4	8
710					4
711	4	0x008e	16674	2	8
712					2
713	4	0x0082	0	8	16
714					0
719	4	0x008e	16418	2	8
720					2
721	4	0x008e	290	64	8
722					64
723	4	0x008e	16418	64	8
724					64
725	4	0x008e	32546	64	8
726					64
727	4	0x008e	48674	64	8
728					64
729	4	0x008e	64802	4	8
730					4
731	4	0x008e	16674	2	8
732					2
733	4	0x0082	0	8	16
734					0
739	4	0x008e	16418	2	8
740					2
741	4	0x008e	290	64	8
742					64
743	4	0x008e	16418	64	8
744					64
745	4	0x008e	32546	64	8
746					64
747	4	0x008e	48674	64	8
748					64
749	4	0x008e	64802	4	8
750					4
751	4	0x008e	16674	2	8
752					2
753	4	0x0082	0	8	16
754					0
759	4	0x008e	16418	2	8
760					2
761	4	0x008e	290	64	8
762					64
763	4	0x008e	16418	64	8
764					64
765	4	0x008e	32546	64	8
766					64
767	4	0x008e	48674	64	8
768					64
769	4	0x008e	64802	4	8
770					4
771	4	0x008e	16674	2	8
772					2
773	4	0x0082	0	8	16
774					0
779	4	0x008e	16418	2	8
780					2
781	4	0x008e	290	64	8
782					64
783	4	0x008e	16418	64	8
784					64
785	4	0x008e	32546	64	8
786					64
787	4	0x008e	48674	64	8
788					64
789	4	0x008e	64802	4	8
790					4
791	4	0x008e	16674	2	8
792					2
793	4	0x0082	0	8	16
794					0
799	4	0x008e	16418	2	8
800					2
801	4	0x008e	290	64	8
802					64
803	4	0x008e	16418	64	8
804					64
805	4	0x008e	32546	64	8
806					64
807	4	0x008e	48674	64	8
808					64
809	4	0x008e	64802	4	8
810					4
811	4	0x008e	16674	2	8
812					2
813	4	0x0082	0	8	16
814					0
819	4	0x008e	16418	2	8
820					2
821	4	0x008e	290	64	8
822					64
823	4	0x008e	16418	64	8
824					64
825	4	0x008e	32546	64	8
826					64
827	4	0x008e	48674	64	8
828					64
829	4	0x008e	64802	4	8
830					4
831	4	0x008e	16674	2	8
832					2
833	4	0x0082	0	8	16
834					0
839	4	0x008e	16418	2	8
840					2
841	4	0x008e	290	64	8
842					64
843	4	0x008e	16418	64	8
844					64
845	4	0x008e	32546	64	8
846					64
847	4	0x008e	48674	64	8
848					64
849	4	0x008e	64802	4	8
850					4
851	4	0x008e	16674	2	8
852					2
853	4	0x0082	0	8	16
854					0
859	4	0x008e	16418	2	8
860					2
861	4	0x008e	290	64	8
862					64
863	4	0x008e	16418	64	8
864					64
865	4	0x008e	32546	64	8
866					64
867	4	0x008e	48674	64	8
868					64
869	4	0x008e	64802	4	8
870					4
871	4	0x008e	16674	2	8
872					2
873	4	0x0082	0	8	16
874					0
879	4	0x008e	16418	2	8
880					2
881	4	0x008e	290	64	8
882					64
883	4	0x008e	16418	64	8
884					64
885	4	0x008e	32546	64	8
886					64
887	4	0x008e	48674	64	8
888					64
889	4	0x008e	64802	4	8
890					4
891	4	0x008e	16674	2	8
892					2
893	4	0x0082	0	8	16
894					0
899	4	0x008e	16418	2	8
900					2
901	4	0x008e	290	64	8
902					64
903	4	0x008e	16418	64	8
904					64
905	4	0x008e	32546	64	8
906					64
907	4	0x008e	48674	64	8
908					64
909	4	0x008e	64802	4	8
910					4
911	4	0x008e	16674	2	8
912					2
913	4	0x0082	0	8	16
914					0
919	4	0x008e	16418	2	8
920					2
921	4	0x008e	290	64	8
922					64
923	4	0x008e	16418	64	8
924					64
925	4	0x008e	32546	64	8
926					64
927	4	0x008e	48674	64	8
928					64
929	4	0x008e	64802	4	8
930					4
931	4	0x008e	16674	2	8
932					2
933	4	0x0082	0	8	16
934					0
939	4	0x008e	16418	2	8
940					2
941	4	0x008e	290	64	8
942					64
943	4	0x008e	16418	64	8
944					64
945	4	0x008e	32546	64	8
946					64
947	4	0x008e	48674	64	8
948					64
949	4	0x008e	64802	4	8
950					4
951	4	0x008e	16674	2	8
952					2
953	4	0x0082	0	8	16
954					0
959	4	0x008e	16418	2	8
960					2
961	4	0x008e	290	64	8
962					64
963	4	0x008e	16418	64	8
964					64
965	4	0x008e	32546	64	8
966					64
967	4	0x008e	48674	64	8
968					64
969	4	0x008e	64802	4	8
970					4
971	4	0x008e	16674	2	8
972					2
973	4	0x0082	0	8	16
974					0
979	4	0x008e	16418	2	8
980					2
981	4	0x008e	290	64	8
982					64
983	4	0x008e	16418	64	8
984					64
985	4	0x008e	32546	64	8
986					64
987	4	0x008e	48674	64	8
988					64
989	4	0x008e	64802	4	8
990					4
991	4	0x008e	16674	2	8
992					2
993	4	0x0082	0	8	16
994					0
999	4	0x008e	16418	2	8
1000					2
1001	4	0x008e	290	64	8
1002					64
1003	4	0x008e	16418	64	8
1004					64
1005	4	0x008e	32546	64	8
1006					64
1007	4	0x008e	48674	64	8
1008					64
1009	4	0x008e	64802	4	8
1010					4
1011	4	0x008e	16674	2	8
1012					2
1013	4	0x0082	0	8	16
1014					0
1019	4	0x008e	16418	2	8
1020					2
1021	4	0x008e	290	64	8
1022					64
1023	4	0x008e	16418	64	8
1024					64
1025	4	0x008e	32546	64	8
1026					64
1027	4	0x008e	48674	64	8
1028					64
1029	4	0x008e	64802	4	8
1030					4
1031	4	0x008e	16674	2	8
1032					2
1033	4	0x0082	0	8	16
1034					0
1039	4	0x008e	16418	2	8
1040					2
1041	4	0x008e	290	64	8
1042					64
1043	4	0x008e	16418	64	8
1044					64
1045	4	0x008e	32546	64	8
1046					64
1047	4	0x008e	48674	64	8
1048					64
1049	4	0x008e	64802	4	8
1050					4
1051	4	0x008e	16674	2	8
1052					2
1053	4	0x0082	0	8	16
1054					0
1059	4	0x008e	16418	2	8
1060					2
1061	4	0x008e	290	64	8
1062					64
1063	4	0x008e	16418	64	8
1064					64
1065	4	0x008e	32546	64	8
1066					64
1067	4	0x008e	48674	64	8
1068					64
1069	4	0x008e	64802	4	8
1070					4
1071	4	0x008e	16674	2	8
1072					2
1073	4	0x0082	0	8	16
1074					0
1079	4	0x008e	16418	2	8
1080					2
1081	4	0x008e	290	64	8
1082					64
1083	4	0x008e	16418	64	8
1084					64
1085	4	0x008e	32546	64	8
1086					64
1087	4	0x008e	48674	64	8
1088					64
1089	4	0x008e	64802	4	8
1090					4
1091	4	0x008e	16674	2	8
1092					2
1093	4	0x0082	0	8	16
1094					0
1099	4	0x008e	16418	2	8
1100					2
1101	4	0x008e	290	64	8
1102					64
1103	4	0x008e	16418	64	8
1104					64
1105	4	0x008e	32546	64	8
1106					64
1107	4	0x008e	48674	64	8
1108					64
1109	4	0x008e	64802	4	8
1110					4
1111	4	0x008e	16674	2	8
1112					2
1113	4	0x0082	0	8	16
1114					0
1119	4	0x008e	16418	2	8
1120					2
1121	4	0x008e	290	64	8
1122					64
1123	4	0x008e	16418	64	8
1124					64
1125	4	0x008e	32546	64	8
1126					64
1127	4	0x008e	48674	64	8
1128					64
1129	4	0x008e	64802	4	8
1130					4
1131	4	0x008e	16674	2	8
1132					2
1133	4	0x0082	0	8	16
1134					0
1139	4	0x008e	16418	2	8
1140					2
1141	4	0x008e	290	64	8
1142					64
1143	4	0x008e	16418	64	8
1144					64
1145	4	0x008e	32546	64	8
1146					64
1147	4	0x008e	48674	64	8
1148					64
1149	4	0x008e	64802	4	8
1150					4
1151	4	0x008e	16674	2	8
1152					2
1153	4	0x0082	0	8	16
1154					0
1159	4	0x008e	16418	2	8
1160					2
1161	4	0x008e	290	64	8
1162					64
1163	4	0x008e	16418	64	8
1164					64
1165	4	0x008e	32546	64	8
1166					64
1167	4	0x008e	48674	64	8
1168					64
1169	4	0x008e	64802	4	8
1170					4
1171	4	0x008e	16674	2	8
1172					2
1173	4	0x0082	0	8	16
1174					0
1179	4	0x008e	16418	2	8
1180					2
1181	4	0x008e	290	64	8
1182					64
1183	4	0x008e	16418	64	8
1184					64
1185	4	0x008e	32546	64	8
1186					64
1187	4	0x008e	48674	64	8
1188					64
1189	4	0x008e	64802	4	8
1190					4
1191	4	0x008e	16674	2	8
1192					2
1193	4	0x0082	0	8	16
1194					0
1199	4	0x008e	16418	2	8
1200					2
1201	4	0x008e	290	64	8
1202					64
1203	4	0x008e	16418	64	8
1204					64
1205	4	0x008e	32546	64	8
1206					64
1207	4	0x008e	48674	64	8
1208					64
1209	4	0x008e	64802	4	8
1210					4
1211	4	0x008e	16674	2	8
1212					2
1213	4	0x0082	0	8	16
1214					0
1219	4	0x008e	16418	2	8
1220					2
1221	4	0x008e	290	64	8
1222					64
1223	4	0x008e	16418	64	8
1224					64
1225	4	0x008e	32546	64	8
1226					64
1227	4	0x008e	48674	64	8
1228					64
1229	4	0x008e	64802	4	8
1230					4
1231	4	0x008e	16674	2	8
1232					2
1233	4	0x0082	0	8	16
1234					0
1239	4	0x008e	16418	2	8
1240					2
1241	4	0x008e	290	64	8
1242					64
1243	4	0x008e	16418	64	8
1244					64
1245	4	0x008e	32546	64	8
1246					64
1247	4	0x008e	48674	64	8
1248					64
1249	4	0x008e	64802	4	8
1250					4
1251	4	0x008e	16674	2	8
1252					2
1253	4	0x0082	0	8	16
1254					0
1259	4	0x008e	16418	2	8
1260					2
1261	4	0x008e	290	64	8
1262					64
1263	4	0x008e	16418	64	8
1264					64
1265	4	0x008e	32546	64	8
1266					64
1267	4	0x008e	48674	64	8
1268					64
1269	4	0x008e	64802	4	8
1270					4
1271	4	0x008e	16674	2	8
1272					2
1273	4	0x0082	0	8	16
1274					0
1279	4	0x008e	16418	2	8
1280					2
1281	4	0x008e	290	64	8
1282					64
1283	4	0x008e	16418	64	8
1284					64
1285	4	0x008e	32546	64	8
1286					64
1287	4	0x008e	48674	64	8
1288					64
1289	4	0x008e	64802	4	8
1290					4
1291	4	0x008e	16674	2	8
1292					2
1293	4	0x0082	0	8	16
1294					0
1299	4	0x008e	16418	2	8
1300					2
1301	4	0x008e	290	64	8
1302					64
1303	4	0x008e	16418	64	8
1304					64
1305	4	0x008e	32546	64	8
1306					64
1307	4	0x008e	48674	64	8
1308					64
1309	4	0x008e	64802	4	8
1310					4
1311	4	0x008e	16674	2	8
1312					2
1313	4	0x0082	0	8	16
1314					0
1319	4	0x008e	16418	2	8
1320					2
1321	4	0x008e	290	64	8
1322					64
1323	4	0x008e	16418	64	8
1324					64
1325	4	0x008e	32546	64	8
1326					64
1327	4	0x008e	48674	64	8
1328					64
1329	4	0x008e	64802	4	8
1330					4
1331	4	0x008e	16674	2	8
1332					2
1333	4	0x0082	0	8	16
1334					0
1339	4	0x008e	16418	2	8
1340					2
1341	4	0x008e	290	64	8
1342					64
1343	4	0x008e	16418	64	8
1344					64
1345	4	0x008e	32546	64	8
1346					64
1347	4	0x008e	48674	64	8
1348					64
1349	4	0x008e	64802	4	8
1350					4
1351	4	0x008e	16674	2	8
1352					2
1353	4	0x0082	0	8	16
1354					0
1359	4	0x008e	16418	2	8
1360					2
1361	4	0x008e	290	64	8
1362					64
1363	4	0x008e	16418	64	8
1364					64
1365	4	0x008e	32546	64	8
1366					64
1367	4	0x008e	48674	64	8
1368					64
1369	4	0x008e	64802	4	8
1370					4
1371	4	0x008e	16674	2	8
1372					2
1373	4	0x0082	0	8	16
1374					0
1379	4	0x008e	16418	2	8
1380					2
1381	4	0x008e	290	64	8
1382					64
1383	4	0x008e	16418	64	8
1384					64
1385	4	0x008e	32546	64	8
1386					64
1387	4	0x008e	48674	64	8
1388					64
1389	4	0x008e	64802	4	8
1390					4
1391	4	0x008e	16674	2	8
1392					2
1393	4	0x0082	0	8	16
1394					0
1399	4	0x008e	16418	2	8
1400					2
1401	4	0x008e	290	64	8
1402					64
1403	4	0x008e	16418	64	8
1404					64
1405	4	0x008e	32546	64	8
1406					64
1407	4	0x008e	48674	64	8
1408					64
1409	4	0x008e	64802	4	8
1410					4
1411	4	0x008e	16674	2	8
1412					2
1413	4	0x0082	0	8	16
1414					0
1419	4	0x008e	16418	2	8
1420					2
1421	4	0x008e	290	64	8
1422					64
1423	4	0x008e	16418	64	8
1424					64
1425	4	0x008e	32546	64	8
1426					64
1427	4	0x008e	48674	64	8
1428					64
1429	4	0x008e	64802	4	8
1430					4
1431	4	0x008e	16674	2	8
1432					2
1433	4	0x0082	0	8	16
1434					0
1439	4	0x008e	16418	2	8
1440					2
1441	4	0x008e	290	64	8
1442					64
1443	4	0x008e	16418	64	8
1444					64
1445	4	0x008e	32546	64	8
1446					64
1447	4	0x008e	48674	64	8
1448					64
1449	4	0x008e	64802	4	8
1450					4
1451	4	0x008e	16674	2	8
1452					2
1453	4	0x0082	0	8	16
1454					0
1459	4	0x008e	16418	2	8
1460					2
1461	4	0x008e	290	64	8
1462					64
1463	4	0x008e	16418	64	8
1464					64
1465	4	0x008e	32546	64	8
1466					64
1467	4	0x008e	48674	64	8
1468					64
1469	4	0x008e	64802	4	8
1470					4
1471	4	0x008e	16674	2	8
1472					2
1473	4	0x0082	0	8	16
1474					0
1479	4	0x008e	16418	2	8
1480					2
1481	4	0x008e	290	64	8
1482					64
1483	4	0x008e	16418	64	8
1484					64
1485	4	0x008e	32546	64	8
1486					64
1487	4	0x008e	48674	64	8
1488					64
1489	4	0x008e	64802	4	8
1490					4
1491	4	0x008e	16674	2	8
1492					2
1493	4	0x0082	0	8	16
1494					0
1499	4	0x008e	16418	2	8
1500					2
1501	4	0x008e	290	64	8
1502					64
1503	4	0x008e	16418	64	8
1504					64
1505	4	0x008e	32546	64	8
1506					64
1507	4	0x008e	48674	64	8
1508					64
1509	4	0x008e	64802	4	8
1510					4
1511	4	0x008e	16674	2	8
1512					2
1513	4	0x0082	0	8	16
1514					0
1519	4	0x008e	16418	2	8
1520					2
1521	4	0x008e	290	64	8
1522					64
1523	4	0x008e	16418	64	8
1524					64
1525	4	0x008e	32546	64	8
1526					64
1527	4	0x008e	48674	64	8
1528					64
1529	4	0x008e	64802	4	8
1530					4
1531	4	0x008e	16674	2	8
1532					2
1533	4	0x0082	0	8	16
1534					0
1539	4	0x008e	16418	2	8
1540					2
1541	4	0x008e	290	64	8
1542					64
1543	4	0x008e	16418	64	8
1544					64
1545	4	0x008e	32546	64	8
1546					64
1547	4	0x008e	48674	64	8
1548					64
1549	4	0x008e	64802	4	8
1550					4
1551	4	0x008e	16674	2	8
1552					2
1553	4	0x0082	0	8	16
1554					0
1559	4	0x008e	16418	2	8
1560					2
1561	4	0x008e	290	64	8
1562					64
1563	4	0x008e	16418	64	8
1564					64
1565	4	0x008e	32546	64	8
1566					64
1567	4	0x008e	48674	64	8
1568					64
1569	4	0x008e	64802	4	8
1570					4
1571	4	0x008e	16674	2	8
1572					2
1573	4	0x0082	0	8	16
1574					0
1579	4	0x008e	16418	2	8
1580					2
1581	4	0x008e	290	64	8
1582					64
1583	4	0x008e	16418	64	8
1584					64
1585	4	0x008e	32546	64	8
1586					64
1587	4	0x008e	48674	64	8
1588					64
1589	4	0x008e	64802	4	8
1590					4
1591	4	0x008e	16674	2	8
1592					2
1593	4	0x0082	0	8	16
1594					0
1599	4	0x008e	16418	2	8
1600					2
1601	4	0x008e	290	64	8
1602					64
1603	4	0x008e	16418	64	8
1604					64
1605	4	0x008e	32546	64	8
1606					64
1607	4	0x008e	48674	64	8
1608					64
1609	4	0x008e	64802	4	8
1610					4
1611	4	0x008e	16674	2	8
1612					2
1613	4	0x0082	0	8	16
1614					0
1619	4	0x008e	16418	2	8
1620					2
1621	4	0x008e	290	64	8
1622					64
1623	4	0x008e	16418	64	8
1624					64
1625	4	0x008e	32546	64	8
1626					64
1627	4	0x008e	48674	64	8
1628					64
1629	4	0x008e	64802	4	8
1630					4
1631	4	0x008e	16674	2	8
1632					2
1633	4	0x0082	0	8	16
1634					0
1639	4	0x008e	16418	2	8
1640					2
1641	4	0x008e	290	64	8
1642					64
1643	4	0x008e	16418	64	8
1644					64
1645	4	0x008e	32546	64	8
1646					64
1647	4	0x008e	48674	64	8
1648					64
1649	4	0x008e	64802	4	8
1650					4
1651	4	0x008e	16674	2	8
1652					2
1653	4	0x0082	0	8	16
1654					0
1659	4	0x008e	16418	2	8
1660					2
1661	4	0x008e	19234	4	8
1662					4
1663	4	0x008e	290	64	8
1664					64
1665	4	0x008e	16418	64	8
1666					64
1667	4	0x008e	32546	64	8
1668					64
1669	4	0x008e	48674	64	8
1670					64
1671	4	0x008e	64802	4	8
1672					4
1673	4	0x008e	16674	2	8
1674					2
1675	4	0x0082	0	8	16
1676					0
1681	4	0x008e	290	64	8
1682					64
1683	4	0x008e	16418	64	8
1684					64
1685	4	0x008e	32546	64	8
1686					64
1687	4	0x008e	48674	64	8
1688					64
1689	4	0x008e	64802	4	8
1690					4
1691	4	0x008e	16674	2	8
1692					2
1693	4	0x0082	0	8	16
1694					0
1699	4	0x008e	290	64	8
1700					64
1701	4	0x008e	16418	64	8
1702					64
1703	4	0x008e	32546	64	8
1704					64
1705	4	0x008e	48674	64	8
1706					64
1707	4	0x008e	64802	4	8
1708					4
1709	4	0x008e	16674	2	8
1710					2
1711	4	0x0082	0	8	16
1712					0
1717	4	0x008e	290	64	8
1718					64
1719	4	0x008e	16418	64	8
1720					64
1721	4	0x008e	32546	64	8
1722					64
1723	4	0x008e	48674	64	8
1724					64
1725	4	0x008e	64802	4	8
1726					4
1727	4	0x008e	16674	2	8
1728					2
1729	4	0x0082	0	8	16
1730					0
1735	4	0x008e	290	64	8
1736					64
1737	4	0x008e	16418	64	8
1738					64
1739	4	0x008e	32546	64	8
1740					64
1741	4	0x008e	48674	64	8
1742					64
1743	4	0x008e	64802	4	8
1744					4
1745	4	0x008e	16674	2	8
1746					2
1747	4	0x0082	0	8	16
1748					0
1753	4	0x008e	290	64	8
1754					64
1755	4	0x008e	16418	64	8
1756					64
1757	4	0x008e	32546	64	8
1758					64
1759	4	0x008e	48674	64	8
1760					64
1761	4	0x008e	64802	4	8
1762					4
1763	4	0x008e	16674	2	8
1764					2
1765	4	0x0082	0	8	16
1766					0
1771	4	0x008e	290	64	8
1772					64
1773	4	0x008e	16418	64	8
1774					64
1775	4	0x008e	32546	64	8
1776					64
1777	4	0x008e	48674	64	8
1778					64
1779	4	0x008e	64802	4	8
1780					4
1781	4	0x008e	16674	2	8
1782					2
1783	4	0x0082	0	8	16
1784					0
1789	4	0x008e	290	64	8
1790					64
1791	4	0x008e	16418	64	8
1792					64
1793	4	0x008e	32546	64	8
1794					64
1795	4	0x008e	48674	64	8
1796					64
1797	4	0x008e	64802	4	8
1798					4
1799	4	0x008e	16674	2	8
1800					2
1801	4	0x0082	0	8	16
1802					0
1807	4	0x008e	290	64	8
1808					64
1809	4	0x008e	16418	64	8
1810					64
1811	4	0x008e	32546	64	8
1812					64
1813	4	0x008e	48674	64	8
1814					64
1815	4	0x008e	64802	4	8
1816					4
1817	4	0x008e	16674	2	8
1818					2
1819	4	0x0082	0	8	16
1820					0
1825	4	0x008e	290	64	8
1826					64
1827	4	0x008e	16418	64	8
1828					64
1829	4	0x008e	32546	64	8
1830					64
1831	4	0x008e	48674	64	8
1832					64
1833	4	0x008e	64802	4	8
1834					4
1835	4	0x008e	16674	2	8
1836					2
1837	4	0x008e	290	64	8
1838					64
1839	4	0x008e	16418	64	8
1840					64
1841	4	0x008e	32546	64	8
1842					64
1843	4	0x008e	48674	64	8
1844					64
1845	4	0x008e	64802	4	8
1846					4
1847	4	0x008e	16674	2	8
1848					2
1849	4	0x008e	290	64	8
1850					64
1851	4	0x008e	16418	64	8
1852					64
1853	4	0x008e	32546	64	8
1854					64
1855	4	0x008e	48674	64	8
1856					64
1857	4	0x008e	64802	4	8
1858					4
1859	4	0x008e	16674	2	8
1860					2
1861	4	0x008e	290	64	8
1862					64
1863	4	0x008e	16418	64	8
1864					64
1865	4	0x008e	32546	64	8
1866					64
1867	4	0x008e	48674	64	8
1868					64
1869	4	0x008e	64802	4	8
1870					4
1871	4	0x008e	16674	2	8
1872					2
1873	4	0x008e	290	64	8
1874					64
1875	4	0x008e	16418	64	8
1876					64
1877	4	0x008e	32546	64	8
1878					64
1879	4	0x008e	48674	64	8
1880					64
1881	4	0x008e	64802	4	8
1882					4
1883	4	0x008e	16674	2	8
1884					2
1885	4	0x008e	290	64	8
1886					64
1887	4	0x008e	16418	64	8
1888					64
1889	4	0x008e	32546	64	8
1890					64
1891	4	0x008e	48674	64	8
1892					64
1893	4	0x008e	64802	4	8
1894					4
1895	4	0x008e	16674	2	8
1896					2
1897	4	0x008e	290	64	8
1898					64
1899	4	0x008e	16418	64	8
1900					64
1901	4	0x008e	32546	64	8
1902					64
1903	4	0x008e	48674	64	8
1904					64
1905	4	0x008e	64802	4	8
1906					4
1907	4	0x008e	16674	2	8
1908					2
1909	4	0x008e	290	64	8
1910					64
1911	4	0x008e	16418	64	8
1912					64
1913	4	0x008e	32546	64	8
1914					64
1915	4	0x008e	48674	64	8
1916					64
1917	4	0x008e	64802	4	8
1918					4
1919	4	0x008e	16674	2	8
1920					2
1921	4	0x008e	290	64	8
1922					64
1923	4	0x008e	16418	64	8
1924					64
1925	4	0x008e	32546	64	8
1926					64
1927	4	0x008e	48674	64	8
1928					64
1929	4	0x008e	64802	4	8
1930					4
1931	4	0x008e	16674	2	8
1932					2
1933	4	0x008e	290	64	8
1934					64
1935	4	0x008e	16418	64	8
1936					64
1937	4	0x008e	32546	64	8
1938					64
1939	4	0x008e	48674	64	8
1940					64
1941	4	0x008e	64802	4	8
1942					4
1943	4	0x008e	16674	2	8
1944					2
1945	4	0x008e	290	64	8
1946					64
1947	4	0x008e	16418	64	8
1948					64
1949	4	0x008e	32546	64	8
1950					64
1951	4	0x008e	48674	64	8
1952					64
1953	4	0x008e	64802	4	8
1954					4
1955	4	0x008e	16674	2	8
1956					2
1957	4	0x008e	290	64	8
1958					64
1959	4	0x008e	16418	64	8
1960					64
1961	4	0x008e	32546	64	8
1962					64
1963	4	0x008e	48674	64	8
1964					64
1965	4	0x008e	64802	4	8
1966					4
1967	4	0x008e	16674	2	8
1968					2
1969	4	0x008e	290	64	8
1970					64
1971	4	0x008e	16418	64	8
1972					64
1973	4	0x008e	32546	64	8
1974					64
1975	4	0x008e	48674	64	8
1976					64
1977	4	0x008e	64802	4	8
1978					4
1979	4	0x008e	16674	2	8
1980					2
1981	4	0x008e	290	64	8
1982					64
1983	4	0x008e	16418	64	8
1984					64
1985	4	0x008e	32546	64	8
1986					64
1987	4	0x008e	48674	64	8
1988					64
1989	4	0x008e	64802	4	8
1990					4
1991	4	0x008e	16674	2	8
1992					2
1993	4	0x008e	290	64	8
1994					64
1995	4	0x008e	16418	64	8
1996					64
1997	4	0x008e	32546	64	8
1998					64
1999	4	0x008e	48674	64	8
2000					64
2001	4	0x008e	64802	4	8
2002					4
2003	4	0x008e	16674	2	8
2004					2
2005	4	0x008e	290	64	8
2006					64
2007	4	0x008e	16418	64	8
2008					64
2009	4	0x008e	32546	64	8
2010					64
2011	4	0x008e	48674	64	8
2012					64
2013	4	0x008e	64802	4	8
2014					4
2015	4	0x008e	16674	2	8
2016					2
2017	4	0x008e	290	64	8
2018					64
2019	4	0x008e	16418	64	8
2020					64
2021	4	0x008e	32546	64	8
2022					64
2023	4	0x008e	48674	64	8
2024					64
2025	4	0x008e	64802	4	8
2026					4
2027	4	0x008e	16674	2	8
2028					2
2029	4	0x008e	290	64	8
2030					64
2031	4	0x008e	16418	64	8
2032					64
2033	4	0x008e	32546	64	8
2034					64
2035	4	0x008e	48674	64	8
2036					64
2037	4	0x008e	64802	4	8
2038					4
2039	4	0x008e	16674	2	8
2040					2
2041	4	0x008e	290	64	8
2042					64
2043	4	0x008e	16418	64	8
2044					64
2045	4	0x008e	32546	64	8
2046					64
2047	4	0x008e	48674	64	8
2048					64
2049	4	0x008e	64802	4	8
2050					4
2051	4	0x008e	16674	2	8
2052					2
2053	4	0x008e	290	64	8
2054					64
2055	4	0x008e	16418	64	8
2056					64
2057	4	0x008e	32546	64	8
2058					64
2059	4	0x008e	48674	64	8
2060					64
2061	4	0x008e	64802	4	8
2062					4
2063	4	0x008e	16674	2	8
2064					2
2065	4	0x008e	290	64	8
2066					64
2067	4	0x008e	16418	64	8
2068					64
2069	4	0x008e	32546	64	8
2070					64
2071	4	0x008e	48674	64	8
2072					64
2073	4	0x008e	64802	4	8
2074					4
2075	4	0x008e	16674	2	8
2076					2
2077	4	0x008e	290	64	8
2078					64
2079	4	0x008e	16418	64	8
2080					64
2081	4	0x008e	32546	64	8
2082					64
2083	4	0x008e	48674	64	8
2084					64
2085	4	0x008e	64802	4	8
2086					4
2087	4	0x008e	16674	2	8
2088					2
2089	4	0x008e	290	64	8
2090					64
2091	4	0x008e	16418	64	8
2092					64
2093	4	0x008e	32546	64	8
2094					64
2095	4	0x008e	48674	64	8
2096					64
2097	4	0x008e	64802	4	8
2098					4
2099	4	0x008e	16674	2	8
2100					2
2101	4	0x008e	290	64	8
2102					64
2103	4	0x008e	16418	64	8
2104					64
2105	4	0x008e	32546	64	8
2106					64
2107	4	0x008e	48674	64	8
2108					64
2109	4	0x008e	64802	4	8
2110					4
2111	4	0x008e	16674	2	8
2112					2
2113	4	0x008e	290	64	8
2114					64
2115	4	0x008e	16418	64	8
2116					64
2117	4	0x008e	32546	64	8
2118					64
2119	4	0x008e	48674	64	8
2120					64
2121	4	0x008e	64802	4	8
2122					4
2123	4	0x008e	16674	2	8
2124					2
2125	4	0x008e	290	64	8
2126					64
2127	4	0x008e	16418	64	8
2128					64
2129	4	0x008e	32546	64	8
2130					64
2131	4	0x008e	48674	64	8
2132					64
2133	4	0x008e	64802	4	8
2134					4
2135	4	0x008e	16674	2	8
2136					2
2137	4	0x008e	290	64	8
2138					64
2139	4	0x008e	16418	64	8
2140					64
2141	4	0x008e	32546	64	8
2142					64
2143	4	0x008e	48674	64	8
2144					64
2145	4	0x008e	64802	4	8
2146					4
2147	4	0x008e	16674	2	8
2148					2
2149	4	0x008e	290	64	8
2150					64
2151	4	0x008e	16418	64	8
2152					64
2153	4	0x008e	32546	64	8
2154					64
2155	4	0x008e	48674	64	8
2156					64
2157	4	0x008e	64802	4	8
2158					4
2159	4	0x008e	16674	2	8
2160					2
2161	4	0x008e	290	64	8
2162					64
2163	4	0x008e	16418	64	8
2164					64
2165	4	0x008e	32546	64	8
2166					64
2167	4	0x008e	48674	64	8
2168					64
2169	4	0x008e	64802	4	8
2170					4
2171	4	0x008e	16674	2	8
2172					2
2173	4	0x008e	290	64	8
2174					64
2175	4	0x008e	16418	64	8
2176					64
2177	4	0x008e	32546	64	8
2178					64
2179	4	0x008e	48674	64	8
2180					64
2181	4	0x008e	64802	4	8
2182					4
2183	4	0x008e	16674	2	8
2184					2
2185	4	0x008e	290	64	8
2186					64
2187	4	0x008e	16418	64	8
2188					64
2189	4	0x008e	32546	64	8
2190					64
2191	4	0x008e	48674	64	8
2192					64
2193	4	0x008e	64802	4	8
2194					4
2195	4	0x008e	16674	2	8
2196					2
2197	4	0x008e	290	64	8
2198					64
2199	4	0x008e	16418	64	8
2200					64
2201	4	0x008e	32546	64	8
2202					64
2203	4	0x008e	48674	64	8
2204					64
2205	4	0x008e	64802	4	8
2206					4
2207	4	0x008e	16674	2	8
2208					2
2209	4	0x008e	290	64	8
2210					64
2211	4	0x008e	16418	64	8
2212					64
2213	4	0x008e	32546	64	8
2214					64
2215	4	0x008e	48674	64	8
2216					64
2217	4	0x008e	64802	4	8
2218					4
2219	4	0x008e	16674	2	8
2220					2
2221	4	0x008e	290	64	8
2222					64
2223	4	0x008e	16418	64	8
2224					64
2225	4	0x008e	32546	64	8
2226					64
2227	4	0x008e	48674	64	8
2228					64
2229	4	0x008e	64802	4	8
2230					4
2231	4	0x008e	16674	2	8
2232					2
2233	4	0x008e	290	64	8
2234					64
2235	4	0x008e	16418	64	8
2236					64
2237	4	0x008e	32546	64	8
2238					64
2239	4	0x008e	48674	64	8
2240					64
2241	4	0x008e	64802	4	8
2242					4
2243	4	0x008e	16674	2	8
2244					2
2245	4	0x008e	290	64	8
2246					64
2247	4	0x008e	16418	64	8
2248					64
2249	4	0x008e	32546	64	8
2250					64
2251	4	0x008e	48674	64	8
2252					64
2253	4	0x008e	64802	4	8
2254					4
2255	4	0x008e	16674	2	8
2256					2
2257	4	0x008e	290	64	8
2258					64
2259	4	0x008e	16418	64	8
2260					64
2261	4	0x008e	32546	64	8
2262					64
2263	4	0x008e	48674	64	8
2264					64
2265	4	0x008e	64802	4	8
2266					4
2267	4	0x008e	16674	2	8
2268					2
2269	4	0x008e	290	64	8
2270					64
2271	4	0x008e	16418	64	8
2272					64
2273	4	0x008e	32546	64	8
2274					64
2275	4	0x008e	48674	64	8
2276					64
2277	4	0x008e	64802	4	8
2278					4
2279	4	0x008e	16674	2	8
2280					2
2281	4	0x008e	290	64	8
2282					64
2283	4	0x008e	16418	64	8
2284					64
2285	4	0x008e	32546	64	8
2286					64
2287	4	0x008e	48674	64	8
2288					64
2289	4	0x008e	64802	4	8
2290					4
2291	4	0x008e	16674	2	8
2292					2
2293	4	0x008e	290	64	8
2294					64
2295	4	0x008e	16418	64	8
2296					64
2297	4	0x008e	32546	64	8
2298					64
2299	4	0x008e	48674	64	8
2300					64
2301	4	0x008e	64802	4	8
2302					4
2303	4	0x008e	16674	2	8
2304					2
2305	4	0x008e	290	64	8
2306					64
2307	4	0x008e	16418	64	8
2308					64
2309	4	0x008e	32546	64	8
2310					64
2311	4	0x008e	48674	64	8
2312					64
2313	4	0x008e	64802	4	8
2314					4
2315	4	0x008e	16674	2	8
2316					2
2317	4	0x008e	290	64	8
2318					64
2319	4	0x008e	16418	64	8
2320					64
2321	4	0x008e	32546	64	8
2322					64
2323	4	0x008e	48674	64	8
2324					64
2325	4	0x008e	64802	4	8
2326					4
2327	4	0x008e	16674	2	8
2328					2
2329	4	0x008e	290	64	8
2330					64
2331	4	0x008e	16418	64	8
2332					64
2333	4	0x008e	32546	64	8
2334					64
2335	4	0x008e	48674	64	8
2336					64
2337	4	0x008e	64802	4	8
2338					4
2339	4	0x008e	16674	2	8
2340					2
2341	4	0x008e	290	64	8
2342					64
2343	4	0x008e	16418	64	8
2344					64
2345	4	0x008e	32546	64	8
2346					64
2347	4	0x008e	48674	64	8
2348					64
2349	4	0x008e	64802	4	8
2350					4
2351	4	0x008e	16674	2	8
2352					2
2353	4	0x008e	290	64	8
2354					64
2355	4	0x008e	16418	64	8
2356					64
2357	4	0x008e	32546	64	8
2358					64
2359	4	0x008e	48674	64	8
2360					64
2361	4	0x008e	64802	4	8
2362					4
2363	4	0x008e	16674	2	8
2364					2
2365	4	0x008e	290	64	8
2366					64
2367	4	0x008e	16418	64	8
2368					64
2369	4	0x008e	32546	64	8
2370					64
2371	4	0x008e	48674	64	8
2372					64
2373	4	0x008e	64802	4	8
2374					4
2375	4	0x008e	16674	2	8
2376					2
2377	4	0x008e	290	64	8
2378					64
2379	4	0x008e	16418	64	8
2380					64
2381	4	0x008e	32546	64	8
2382					64
2383	4	0x008e	48674	64	8
2384					64
2385	4	0x008e	64802	4	8
2386					4
2387	4	0x008e	16674	2	8
2388					2
2389	4	0x008e	290	64	8
2390					64
2391	4	0x008e	16418	64	8
2392					64
2393	4	0x008e	32546	64	8
2394					64
2395	4	0x008e	48674	64	8
2396					64
2397	4	0x008e	64802	4	8
2398					4
2399	4	0x008e	16674	2	8
2400					2
2401	4	0x008e	290	64	8
2402					64
2403	4	0x008e	16418	64	8
2404					64
2405	4	0x008e	32546	64	8
2406					64
2407	4	0x008e	48674	64	8
2408					64
2409	4	0x008e	64802	4	8
2410					4
2411	4	0x008e	16674	2	8
2412					2
2413	4	0x008e	290	64	8
2414					64
2415	4	0x008e	16418	64	8
2416					64
2417	4	0x008e	32546	64	8
2418					64
2419	4	0x008e	48674	64	8
2420					64
2421	4	0x008e	64802	4	8
2422					4
2423	4	0x008e	16674	2	8
2424					2
2425	4	0x008e	290	64	8
2426					64
2427	4	0x008e	16418	64	8
2428					64
2429	4	0x008e	32546	64	8
2430					64
2431	4	0x008e	48674	64	8
2432					64
2433	4	0x008e	64802	4	8
2434					4
2435	4	0x008e	16674	2	8
2436					2
2437	4	0x008e	290	64	8
2438					64
2439	4	0x008e	16418	64	8
2440					64
2441	4	0x008e	32546	64	8
2442					64
2443	4	0x008e	48674	64	8
2444					64
2445	4	0x008e	64802	4	8
2446					4
2447	4	0x008e	16674	2	8
2448					2
2449	4	0x008e	290	64	8
2450					64
2451	4	0x008e	16418	64	8
2452					64
2453	4	0x008e	32546	64	8
2454					64
2455	4	0x008e	48674	64	8
2456					64
2457	4	0x008e	64802	4	8
2458					4
2459	4	0x008e	16674	2	8
2460					2
2461	4	0x008e	290	64	8
2462					64
2463	4	0x008e	16418	64	8
2464					64
2465	4	0x008e	32546	64	8
2466					64
2467	4	0x008e	48674	64	8
2468					64
2469	4	0x008e	64802	4	8
2470					4
2471	4	0x008e	16674	2	8
2472					2
2473	4	0x008e	290	64	8
2474					64
2475	4	0x008e	16418	64	8
2476					64
2477	4	0x008e	32546	64	8
2478					64
2479	4	0x008e	48674	64	8
2480					64
2481	4	0x008e	64802	4	8
2482					4
2483	4	0x008e	16674	2	8
2484					2
2485	4	0x008e	290	64	8
2486					64
2487	4	0x008e	16418	64	8
2488					64
2489	4	0x008e	32546	64	8
2490					64
2491	4	0x008e	48674	64	8
2492					64
2493	4	0x008e	64802	4	8
2494					4
2495	4	0x008e	16674	2	8
2496					2
2497	4	0x008e	290	64	8
2498					64
2499	4	0x008e	16418	64	8
2500					64
2501	4	0x008e	32546	64	8
2502					64
2503	4	0x008e	48674	64	8
2504					64
2505	4	0x008e	64802	4	8
2506					4
2507	4	0x008e	16674	2	8
2508					2
2509	4	0x008e	290	64	8
2510					64
2511	4	0x008e	16418	64	8
2512					64
2513	4	0x008e	32546	64	8
2514					64
2515	4	0x008e	48674	64	8
2516					64
2517	4	0x008e	64802	4	8
2518					4
2519	4	0x008e	16674	2	8
2520					2
2521	4	0x008e	290	64	8
2522					64
2523	4	0x008e	16418	64	8
2524					64
2525	4	0x008e	32546	64	8
2526					64
2527	4	0x008e	48674	64	8
2528					64
2529	4	0x008e	64802	4	8
2530					4
2531	4	0x008e	16674	2	8
2532					2
2533	4	0x008e	290	64	8
2534					64
2535	4	0x008e	16418	64	8
2536					64
2537	4	0x008e	32546	64	8
2538					64
2539	4	0x008e	48674	64	8
2540					64
2541	4	0x008e	64802	4	8
2542					4
2543	4	0x008e	16674	2	8
2544					2
2545	4	0x008e	290	64	8
2546					64
2547	4	0x008e	16418	64	8
2548					64
2549	4	0x008e	32546	64	8
2550					64
2551	4	0x008e	48674	64	8
2552					64
2553	4	0x008e	64802	4	8
2554					4
2555	4	0x008e	16674	2	8
2556					2
2557	4	0x008e	290	64	8
2558					64
2559	4	0x008e	16418	64	8
2560					64
2561	4	0x008e	32546	64	8
2562					64
2563	4	0x008e	48674	64	8
2564					64
2565	4	0x008e	64802	4	8
2566					4
2567	4	0x008e	16674	2	8
2568					2
2569	4	0x008e	290	64	8
2570					64
2571	4	0x008e	16418	64	8
2572					64
2573	4	0x008e	32546	64	8
2574					64
2575	4	0x008e	48674	64	8
2576					64
2577	4	0x008e	64802	4	8
2578					4
2579	4	0x008e	16674	2	8
2580					2
2581	4	0x008e	290	64	8
2582					64
2583	4	0x008e	16418	64	8
2584					64
2585	4	0x008e	32546	64	8
2586					64
2587	4	0x008e	48674	64	8
2588					64
2589	4	0x008e	64802	4	8
2590					4
2591	4	0x008e	16674	2	8
2592					2
2593	4	0x008e	290	64	8
2594					64
2595	4	0x008e	16418	64	8
2596					64
2597	4	0x008e	32546	64	8
2598					64
2599	4	0x008e	48674	64	8
2600					64
2601	4	0x008e	64802	4	8
2602					4
2603	4	0x008e	16674	2	8
2604					2
2605	4	0x008e	290	64	8
2606					64
2607	4	0x008e	16418	64	8
2608					64
2609	4	0x008e	32546	64	8
2610					64
2611	4	0x008e	48674	64	8
2612					64
2613	4	0x008e	64802	4	8
2614					4
2615	4	0x008e	16674	2	8
2616					2
2617	4	0x008e	290	64	8
2618					64
2619	4	0x008e	16418	64	8
2620					64
2621	4	0x008e	32546	64	8
2622					64
2623	4	0x008e	48674	64	8
2624					64
2625	4	0x008e	64802	4	8
2626					4
2627	4	0x008e	16674	2	8
2628					2
2629	4	0x008e	290	64	8
2630					64
2631	4	0x008e	16418	64	8
2632					64
2633	4	0x008e	32546	64	8
2634					64
2635	4	0x008e	48674	64	8
2636					64
2637	4	0x008e	64802	4	8
2638					4
2639	4	0x008e	16674	2	8
2640					2
2641	4	0x008e	290	64	8
2642					64
2643	4	0x008e	16418	64	8
2644					64
2645	4	0x008e	32546	64	8
2646					64
2647	4	0x008e	48674	64	8
2648					64
2649	4	0x008e	64802	4	8
2650					4
2651	4	0x008e	16674	2	8
2652					2
2653	4	0x008e	290	64	8
2654					64
2655	4	0x008e	16418	64	8
2656					64
2657	4	0x008e	32546	64	8
2658					64
2659	4	0x008e	48674	64	8
2660					64
2661	4	0x008e	64802	4	8
2662					4
2663	4	0x008e	16674	2	8
2664					2
2665	4	0x008e	290	64	8
2666					64
2667	4	0x008e	16418	64	8
2668					64
2669	4	0x008e	32546	64	8
2670					64
2671	4	0x008e	48674	64	8
2672					64
2673	4	0x008e	64802	4	8
2674					4
2675	4	0x008e	16674	2	8
2676					2
2677	4	0x008e	290	64	8
2678					64
2679	4	0x008e	16418	64	8
2680					64
2681	4	0x008e	32546	64	8
2682					64
2683	4	0x008e	48674	64	8
2684					64
2685	4	0x008e	64802	4	8
2686					4
2687	4	0x008e	16674	2	8
2688					2
2689	4	0x008e	290	64	8
2690					64
2691	4	0x008e	16418	64	8
2692					64
2693	4	0x008e	32546	64	8
2694					64
2695	4	0x008e	48674	64	8
2696					64
2697	4	0x008e	64802	4	8
2698					4
2699	4	0x008e	16674	2	8
2700					2
2701	4	0x008e	290	64	8
2702					64
2703	4	0x008e	16418	64	8
2704					64
2705	4	0x008e	32546	64	8
2706					64
2707	4	0x008e	48674	64	8
2708					64
2709	4	0x008e	64802	4	8
2710					4
2711	4	0x008e	16674	2	8
2712					2
2713	4	0x008e	290	64	8
2714					64
2715	4	0x008e	16418	64	8
2716					64
2717	4	0x008e	32546	64	8
2718					64
2719	4	0x008e	48674	64	8
2720					64
2721	4	0x008e	64802	4	8
2722					4
2723	4	0x008e	16674	2	8
2724					2
2725	4	0x008e	290	64	8
2726					64
2727	4	0x008e	16418	64	8
2728					64
2729	4	0x008e	32546	64	8
2730					64
2731	4	0x008e	48674	64	8
2732					64
2733	4	0x008e	64802	4	8
2734					4
2735	4	0x008e	16674	2	8
2736					2
2737	4	0x008e	290	64	8
2738					64
2739	4	0x008e	16418	64	8
2740					64
2741	4	0x008e	32546	64	8
2742					64
2743	4	0x008e	48674	64	8
2744					64
2745	4	0x008e	64802	4	8
2746					4
2747	4	0x008e	16674	2	8
2748					2
2749	4	0x008e	290	64	8
2750					64
2751	4	0x008e	16418	64	8
2752					64
2753	4	0x008e	32546	64	8
2754					64
2755	4	0x008e	48674	64	8
2756					64
2757	4	0x008e	64802	4	8
2758					4
2759	4	0x008e	16674	2	8
2760					2
2761	4	0x008e	290	64	8
2762					64
2763	4	0x008e	16418	64	8
2764					64
2765	4	0x008e	32546	64	8
2766					64
2767	4	0x008e	48674	64	8
2768					64
2769	4	0x008e	64802	4	8
2770					4
2771	4	0x008e	16674	2	8
2772					2
2773	4	0x008e	290	64	8
2774					64
2775	4	0x008e	16418	64	8
2776					64
2777	4	0x008e	32546	64	8
2778					64
2779	4	0x008e	48674	64	8
2780					64
2781	4	0x008e	64802	4	8
2782					4
2783	4	0x008e	16674	2	8
2784					2
2785	4	0x008e	290	64	8
2786					64
2787	4	0x008e	16418	64	8
2788					64
2789	4	0x008e	32546	64	8
2790					64
2791	4	0x008e	48674	64	8
2792					64
2793	4	0x008e	64802	4	8
2794					4
2795	4	0x008e	16674	2	8
2796					2
2797	4	0x008e	290	64	8
2798					64
2799	4	0x008e	16418	64	8
2800					64
2801	4	0x008e	32546	64	8
2802					64
2803	4	0x008e	48674	64	8
2804					64
2805	4	0x008e	64802	4	8
2806					4
2807	4	0x008e	16674	2	8
2808					2
2809	4	0x008e	290	64	8
2810					64
2811	4	0x008e	16418	64	8
2812					64
2813	4	0x008e	32546	64	8
2814					64
2815	4	0x008e	48674	64	8
2816					64
2817	4	0x008e	64802	4	8
2818					4
2819	4	0x008e	16674	2	8
2820					2
2821	4	0x008e	290	64	8
2822					64
2823	4	0x008e	16418	64	8
2824					64
2825	4	0x008e	32546	64	8
2826					64
2827	4	0x008e	48674	64	8
2828					64
2829	4	0x008e	64802	4	8
2830					4
2831	4	0x008e	16674	2	8
2832					2
2833	4	0x008e	290	64	8
2834					64
2835	4	0x008e	16418	64	8
2836					64
2837	4	0x008e	32546	64	8
2838					64
2839	4	0x008e	48674	64	8
2840					64
2841	4	0x008e	64802	4	8
2842					4
2843	4	0x008e	16674	2	8
2844					2
2845	4	0x008e	290	64	8
2846					64
2847	4	0x008e	16418	64	8
2848					64
2849	4	0x008e	32546	64	8
2850					64
2851	4	0x008e	48674	64	8
2852					64
2853	4	0x008e	64802	4	8
2854					4
2855	4	0x008e	16674	2	8
2856					2
2857	4	0x008e	290	64	8
2858					64
2859	4	0x008e	16418	64	8
2860					64
2861	4	0x008e	32546	64	8
2862					64
2863	4	0x008e	48674	64	8
2864					64
2865	4	0x008e	64802	4	8
2866					4
2867	4	0x008e	16674	2	8
2868					2
2869	4	0x008e	290	64	8
2870					64
2871	4	0x008e	16418	64	8
2872					64
2873	4	0x008e	32546	64	8
2874					64
2875	4	0x008e	48674	64	8
2876					64
2877	4	0x008e	64802	4	8
2878					4
2879	4	0x008e	16674	2	8
2880					2
2881	4	0x008e	290	64	8
2882					64
2883	4	0x008e	16418	64	8
2884					64
2885	4	0x008e	32546	64	8
2886					64
2887	4	0x008e	48674	64	8
2888					64
2889	4	0x008e	64802	4	8
2890					4
2891	4	0x008e	16674	2	8
2892					2
2893	4	0x008e	290	64	8
2894					64
2895	4	0x008e	16418	64	8
2896					64
2897	4	0x008e	32546	64	8
2898					64
2899	4	0x008e	48674	64	8
2900					64
2901	4	0x008e	64802	4	8
2902					4
2903	4	0x008e	16674	2	8
2904					2
2905	4	0x008e	290	64	8
2906					64
2907	4	0x008e	16418	64	8
2908					64
2909	4	0x008e	32546	64	8
2910					64
2911	4	0x008e	48674	64	8
2912					64
2913	4	0x008e	64802	4	8
2914					4
2915	4	0x008e	16674	2	8
2916					2
2917	4	0x008e	290	64	8
2918					64
2919	4	0x008e	16418	64	8
2920					64
2921	4	0x008e	32546	64	8
2922					64
2923	4	0x008e	48674	64	8
2924					64
2925	4	0x008e	64802	4	8
2926					4
2927	4	0x008e	16674	2	8
2928					2
2929	4	0x008e	290	64	8
2930					64
2931	4	0x008e	16418	64	8
2932					64
2933	4	0x008e	32546	64	8
2934					64
2935	4	0x008e	48674	64	8
2936					64
2937	4	0x008e	64802	4	8
2938					4
2939	4	0x008e	16674	2	8
2940					2
2941	4	0x008e	290	64	8
2942					64
2943	4	0x008e	16418	64	8
2944					64
2945	4	0x008e	32546	64	8
2946					64
2947	4	0x008e	48674	64	8
2948					64
2949	4	0x008e	64802	4	8
2950					4
2951	4	0x008e	16674	2	8
2952					2
2953	4	0x008e	290	64	8
2954					64
2955	4	0x008e	16418	64	8
2956					64
2957	4	0x008e	32546	64	8
2958					64
2959	4	0x008e	48674	64	8
2960					64
2961	4	0x008e	64802	4	8
2962					4
2963	4	0x008e	16674	2	8
2964					2
2965	4	0x008e	290	64	8
2966					64
2967	4	0x008e	16418	64	8
2968					64
2969	4	0x008e	32546	64	8
2970					64
2971	4	0x008e	48674	64	8
2972					64
2973	4	0x008e	64802	4	8
2974					4
2975	4	0x008e	16674	2	8
2976					2
2977	4	0x008e	290	64	8
2978					64
2979	4	0x008e	16418	64	8
2980					64
2981	4	0x008e	32546	64	8
2982					64
2983	4	0x008e	48674	64	8
2984					64
2985	4	0x008e	64802	4	8
2986					4
2987	4	0x008e	16674	2	8
2988					2
2989	4	0x008e	290	64	8
2990					64
2991	4	0x008e	16418	64	8
2992					64
2993	4	0x008e	32546	64	8
2994					64
2995	4	0x008e	48674	64	8
2996					64
2997	4	0x008e	64802	4	8
2998					4
2999	4	0x008e	16674	2	8
3000					2
3001	4	0x008e	290	64	8
3002					64
3003	4	0x008e	16418	64	8
3004					64
3005	4	0x008e	32546	64	8
3006					64
3007	4	0x008e	48674	64	8
3008					64
3009	4	0x008e	64802	4	8
3010					4
3011	4	0x008e	16674	2	8
3012					2
3013	4	0x008e	290	64	8
3014					64
3015	4	0x008e	16418	64	8
3016					64
3017	4	0x008e	32546	64	8
3018					64
3019	4	0x008e	48674	64	8
3020					64
3021	4	0x008e	64802	4	8
3022					4
3023	4	0x008e	16674	2	8
3024					2
3025	4	0x008e	290	64	8
3026					64
3027	4	0x008e	16418	64	8
3028					64
3029	4	0x008e	32546	64	8
3030					64
3031	4	0x008e	48674	64	8
3032					64
3033	4	0x008e	64802	4	8
3034					4
3035	4	0x008e	16674	2	8
3036					2
3037	4	0x008e	290	64	8
3038					64
3039	4	0x008e	16418	64	8
3040					64
3041	4	0x008e	32546	64	8
3042					64
3043	4	0x008e	48674	64	8
3044					64
3045	4	0x008e	64802	4	8
3046					4
3047	4	0x008e	16674	2	8
3048					2
3049	4	0x008e	290	64	8
3050					64
3051	4	0x008e	16418	64	8
3052					64
3053	4	0x008e	32546	64	8
3054					64
3055	4	0x008e	48674	64	8
3056					64
3057	4	0x008e	64802	4	8
3058					4
3059	4	0x008e	16674	2	8
3060					2
3061	4	0x008e	290	64	8
3062					64
3063	4	0x008e	16418	64	8
3064					64
3065	4	0x008e	32546	64	8
3066					64
3067	4	0x008e	48674	64	8
3068					64
3069	4	0x008e	64802	4	8
3070					4
3071	4	0x008e	16674	2	8
3072					2
3073	4	0x008e	290	64	8
3074					64
3075	4	0x008e	16418	64	8
3076					64
3077	4	0x008e	32546	64	8
3078					64
3079	4	0x008e	48674	64	8
3080					64
3081	4	0x008e	64802	4	8
3082					4
3083	4	0x008e	16674	2	8
3084					2
3085	4	0x008e	290	64	8
3086					64
3087	4	0x008e	16418	64	8
3088					64
3089	4	0x008e	32546	64	8
3090					64
3091	4	0x008e	48674	64	8
3092					64
3093	4	0x008e	64802	4	8
3094					4
3095	4	0x008e	16674	2	8
3096					2
3097	4	0x008e	290	64	8
3098					64
3099	4	0x008e	16418	64	8
3100					64
3101	4	0x008e	32546	64	8
3102					64
3103	4	0x008e	48674	64	8
3104					64
3105	4	0x008e	64802	4	8
3106					4
3107	4	0x008e	16674	2	8
3108					2
3109	4	0x008e	290	64	8
3110					64
3111	4	0x008e	16418	64	8
3112					64
3113	4	0x008e	32546	64	8
3114					64
3115	4	0x008e	48674	64	8
3116					64
3117	4	0x008e	64802	4	8
3118					4
3119	4	0x008e	16674	2	8
3120					2
3121	4	0x008e	290	64	8
3122					64
3123	4	0x008e	16418	64	8
3124					64
3125	4	0x008e	32546	64	8
3126					64
3127	4	0x008e	48674	64	8
3128					64
3129	4	0x008e	64802	4	8
3130					4
3131	4	0x008e	16674	2	8
3132					2
3133	4	0x008e	290	64	8
3134					64
3135	4	0x008e	16418	64	8
3136					64
3137	4	0x008e	32546	64	8
3138					64
3139	4	0x008e	48674	64	8
3140					64
3141	4	0x008e	64802	4	8
3142					4
3143	4	0x008e	16674	2	8
3144					2
3145	4	0x008e	290	64	8
3146					64
3147	4	0x008e	16418	64	8
3148					64
3149	4	0x008e	32546	64	8
3150					64
3151	4	0x008e	48674	64	8
3152					64
3153	4	0x008e	64802	4	8
3154					4
3155	4	0x008e	16674	2	8
3156					2
3157	4	0x008e	290	64	8
3158					64
3159	4	0x008e	16418	64	8
3160					64
3161	4	0x008e	32546	64	8
3162					64
3163	4	0x008e	48674	64	8
3164					64
3165	4	0x008e	64802	4	8
3166					4
3167	4	0x008e	16674	2	8
3168					2
3169	4	0x008e	290	64	8
3170					64
3171	4	0x008e	16418	64	8
3172					64
3173	4	0x008e	32546	64	8
3174					64
3175	4	0x008e	48674	64	8
3176					64
3177	4	0x008e	64802	4	8
3178					4
3179	4	0x008e	16674	2	8
3180					2
3181	4	0x008e	290	64	8
3182					64
3183	4	0x008e	16418	64	8
3184					64
3185	4	0x008e	32546	64	8
3186					64
3187	4	0x008e	48674	64	8
3188					64
3189	4	0x008e	64802	4	8
3190					4
3191	4	0x008e	16674	2	8
3192					2
3193	4	0x008e	290	64	8
3194					64
3195	4	0x008e	16418	64	8
3196					64
3197	4	0x008e	32546	64	8
3198					64
3199	4	0x008e	48674	64	8
3200					64
3201	4	0x008e	64802	4	8
3202					4
3203	4	0x008e	16674	2	8
3204					2
3205	4	0x008e	290	64	8
3206					64
3207	4	0x008e	16418	64	8
3208					64
3209	4	0x008e	32546	64	8
3210					64
3211	4	0x008e	48674	64	8
3212					64
3213	4	0x008e	64802	4	8
3214					4
3215	4	0x008e	16674	2	8
3216					2
3217	4	0x008e	290	64	8
3218					64
3219	4	0x008e	16418	64	8
3220					64
3221	4	0x008e	32546	64	8
3222					64
3223	4	0x008e	48674	64	8
3224					64
3225	4	0x008e	64802	4	8
3226					4
3227	4	0x008e	16674	2	8
3228					2
3229	4	0x008e	290	64	8
3230					64
3231	4	0x008e	16418	64	8
3232					64
3233	4	0x008e	32546	64	8
3234					64
3235	4	0x008e	48674	64	8
3236					64
3237	4	0x008e	64802	4	8
3238					4
3239	4	0x008e	16674	2	8
3240					2
3241	4	0x008e	290	64	8
3242					64
3243	4	0x008e	16418	64	8
3244					64
3245	4	0x008e	32546	64	8
3246					64
3247	4	0x008e	48674	64	8
3248					64
3249	4	0x008e	64802	4	8
3250					4
3251	4	0x008e	16674	2	8
3252					2
3253	4	0x008e	290	64	8
3254					64
3255	4	0x008e	16418	64	8
3256					64
3257	4	0x008e	32546	64	8
3258					64
3259	4	0x008e	48674	64	8
3260					64
3261	4	0x008e	64802	4	8
3262					4
3263	4	0x008e	16674	2	8
3264					2
3265	4	0x008e	290	64	8
3266					64
3267	4	0x008e	16418	64	8
3268					64
3269	4	0x008e	32546	64	8
3270					64
3271	4	0x008e	48674	64	8
3272					64
3273	4	0x008e	64802	4	8
3274					4
3275	4	0x008e	16674	2	8
3276					2
3277	4	0x008e	290	64	8
3278					64
3279	4	0x008e	16418	64	8
3280					64
3281	4	0x008e	32546	64	8
3282					64
3283	4	0x008e	48674	64	8
3284					64
3285	4	0x008e	64802	4	8
3286					4
3287	4	0x008e	16674	2	8
3288					2
3289	4	0x008e	290	64	8
3290					64
3291	4	0x008e	16418	64	8
3292					64
3293	4	0x008e	32546	64	8
3294					64
3295	4	0x008e	48674	64	8
3296					64
3297	4	0x008e	64802	4	8
3298					4
3299	4	0x008e	16674	2	8
3300					2
3301	4	0x008e	290	64	8
3302					64
3303	4	0x008e	16418	64	8
3304					64
3305	4	0x008e	32546	64	8
3306					64
3307	4	0x008e	48674	64	8
3308					64
3309	4	0x008e	64802	4	8
3310					4
3311	4	0x008e	16674	2	8
3312					2
3313	4	0x008e	290	64	8
3314					64
3315	4	0x008e	16418	64	8
3316					64
3317	4	0x008e	32546	64	8
3318					64
3319	4	0x008e	48674	64	8
3320					64
3321	4	0x008e	64802	4	8
3322					4
3323	4	0x008e	16674	2	8
3324					2
3325	4	0x008e	290	64	8
3326					64
3327	4	0x008e	16418	64	8
3328					64
3329	4	0x008e	32546	64	8
3330					64
3331	4	0x008e	48674	64	8
3332					64
3333	4	0x008e	64802	4	8
3334					4
3335	4	0x008e	16674	2	8
3336					2
3337	4	0x008e	290	64	8
3338					64
3339	4	0x008e	16418	64	8
3340					64
3341	4	0x008e	32546	64	8
3342					64
3343	4	0x008e	48674	64	8
3344					64
3345	4	0x008e	64802	4	8
3346					4
3347	4	0x008e	16674	2	8
3348					2
3349	4	0x008e	290	64	8
3350					64
3351	4	0x008e	16418	64	8
3352					64
3353	4	0x008e	32546	64	8
3354					64
3355	4	0x008e	48674	64	8
3356					64
3357	4	0x008e	64802	4	8
3358					4
3359	4	0x008e	16674	2	8
3360					2
3361	4	0x008e	290	64	8
3362					64
3363	4	0x008e	16418	64	8
3364					64
3365	4	0x008e	32546	64	8
3366					64
3367	4	0x008e	48674	64	8
3368					64
3369	4	0x008e	64802	4	8
3370					4
3371	4	0x008e	16674	2	8
3372					2
3373	4	0x008e	290	64	8
3374					64
3375	4	0x008e	16418	64	8
3376					64
3377	4	0x008e	32546	64	8
3378					64
3379	4	0x008e	48674	64	8
3380					64
3381	4	0x008e	64802	4	8
3382					4
3383	4	0x008e	16674	2	8
3384					2
3385	4	0x008e	290	64	8
3386					64
3387	4	0x008e	16418	64	8
3388					64
3389	4	0x008e	32546	64	8
3390					64
3391	4	0x008e	48674	64	8
3392					64
3393	4	0x008e	64802	4	8
3394					4
3395	4	0x008e	16674	2	8
3396					2
3397	4	0x008e	290	64	8
3398					64
3399	4	0x008e	16418	64	8
3400					64
3401	4	0x008e	32546	64	8
3402					64
3403	4	0x008e	48674	64	8
3404					64
3405	4	0x008e	64802	4	8
3406					4
3407	4	0x008e	16674	2	8
3408					2
3409	4	0x008e	290	64	8
3410					64
3411	4	0x008e	16418	64	8
3412					64
3413	4	0x008e	32546	64	8
3414					64
3415	4	0x008e	48674	64	8
3416					64
3417	4	0x008e	64802	4	8
3418					4
3419	4	0x008e	16674	2	8
3420					2
3421	4	0x008e	290	64	8
3422					64
3423	4	0x008e	16418	64	8
3424					64
3425	4	0x008e	32546	64	8
3426					64
3427	4	0x008e	48674	64	8
3428					64
3429	4	0x008e	64802	4	8
3430					4
3431	4	0x008e	16674	2	8
3432					2
3433	4	0x008e	290	64	8
3434					64
3435	4	0x008e	16418	64	8
3436					64
3437	4	0x008e	32546	64	8
3438					64
3439	4	0x008e	48674	64	8
3440					64
3441	4	0x008e	64802	4	8
3442					4
3443	4	0x008e	16674	2	8
3444					2
3445	4	0x008e	290	64	8
3446					64
3447	4	0x008e	16418	64	8
3448					64
3449	4	0x008e	32546	64	8
3450					64
3451	4	0x008e	48674	64	8
3452					64
3453	4	0x008e	64802	4	8
3454					4
3455	4	0x008e	16674	2	8
3456					2
3457	4	0x008e	290	64	8
3458					64
3459	4	0x008e	16418	64	8
3460					64
3461	4	0x008e	32546	64	8
3462					64
3463	4	0x008e	48674	64	8
3464					64
3465	4	0x008e	64802	4	8
3466					4
3467	4	0x008e	16674	2	8
3468					2
3469	4	0x008e	290	64	8
3470					64
3471	4	0x008e	16418	64	8
3472					64
3473	4	0x008e	32546	64	8
3474					64
3475	4	0x008e	48674	64	8
3476					64
3477	4	0x008e	64802	4	8
3478					4
3479	4	0x008e	16674	2	8
3480					2
3481	4	0x008e	290	64	8
3482					64
3483	4	0x008e	16418	64	8
3484					64
3485	4	0x008e	32546	64	8
3486					64
3487	4	0x008e	48674	64	8
3488					64
3489	4	0x008e	64802	4	8
3490					4
3491	4	0x008e	16674	2	8
3492					2
3493	4	0x008e	290	64	8
3494					64
3495	4	0x008e	16418	64	8
3496					64
3497	4	0x008e	32546	64	8
3498					64
3499	4	0x008e	48674	64	8
3500					64
3501	4	0x008e	64802	4	8
3502					4
3503	4	0x008e	16674	2	8
3504					2
3505	4	0x008e	290	64	8
3506					64
3507	4	0x008e	16418	64	8
3508					64
3509	4	0x008e	32546	64	8
3510					64
3511	4	0x008e	48674	64	8
3512					64
3513	4	0x008e	64802	4	8
3514					4
3515	4	0x008e	16674	2	8
3516					2
3517	4	0x008e	290	64	8
3518					64
3519	4	0x008e	16418	64	8
3520					64
3521	4	0x008e	32546	64	8
3522					64
3523	4	0x008e	48674	64	8
3524					64
3525	4	0x008e	64802	4	8
3526					4
3527	4	0x008e	16674	2	8
3528					2
3529	4	0x008e	290	64	8
3530					64
3531	4	0x008e	16418	64	8
3532					64
3533	4	0x008e	32546	64	8
3534					64
3535	4	0x008e	48674	64	8
3536					64
3537	4	0x008e	64802	4	8
3538					4
3539	4	0x008e	16674	2	8
3540					2
3541	4	0x008e	290	64	8
3542					64
3543	4	0x008e	16418	64	8
3544					64
3545	4	0x008e	32546	64	8
3546					64
3547	4	0x008e	48674	64	8
3548					64
3549	4	0x008e	64802	4	8
3550					4
3551	4	0x008e	16674	2	8
3552					2
3553	4	0x008e	290	64	8
3554					64
3555	4	0x008e	16418	64	8
3556					64
3557	4	0x008e	32546	64	8
3558					64
3559	4	0x008e	48674	64	8
3560					64
3561	4	0x008e	64802	4	8
3562					4
3563	4	0x008e	16674	2	8
3564					2
3565	4	0x008e	290	64	8
3566					64
3567	4	0x008e	16418	64	8
3568					64
3569	4	0x008e	32546	64	8
3570					64
3571	4	0x008e	48674	64	8
3572					64
3573	4	0x008e	64802	4	8
3574					4
3575	4	0x008e	16674	2	8
3576					2
3577	4	0x008e	290	64	8
3578					64
3579	4	0x008e	16418	64	8
3580					64
3581	4	0x008e	32546	64	8
3582					64
3583	4	0x008e	48674	64	8
3584					64
3585	4	0x008e	64802	4	8
3586					4
3587	4	0x008e	16674	2	8
3588					2
3589	4	0x008e	290	64	8
3590					64
3591	4	0x008e	16418	64	8
3592					64
3593	4	0x008e	32546	64	8
3594					64
3595	4	0x008e	48674	64	8
3596					64
3597	4	0x008e	64802	4	8
3598					4
3599	4	0x008e	16674	2	8
3600					2
3601	4	0x008e	290	64	8
3602					64
3603	4	0x008e	16418	64	8
3604					64
3605	4	0x008e	32546	64	8
3606					64
3607	4	0x008e	48674	64	8
3608					64
3609	4	0x008e	64802	4	8
3610					4
3611	4	0x008e	16674	2	8
3612					2
3613	4	0x008e	290	64	8
3614					64
3615	4	0x008e	16418	64	8
3616					64
3617	4	0x008e	32546	64	8
3618					64
3619	4	0x008e	48674	64	8
3620					64
3621	4	0x008e	64802	4	8
3622					4
3623	4	0x008e	16674	2	8
3624					2
3625	4	0x008e	290	64	8
3626					64
3627	4	0x008e	16418	64	8
3628					64
3629	4	0x008e	32546	64	8
3630					64
3631	4	0x008e	48674	64	8
3632					64
3633	4	0x008e	64802	4	8
3634					4
3635	4	0x008e	16674	2	8
3636					2
3637	4	0x008e	290	64	8
3638					64
3639	4	0x008e	16418	64	8
3640					64
3641	4	0x008e	32546	64	8
3642					64
3643	4	0x008e	48674	64	8
3644					64
3645	4	0x008e	64802	4	8
3646					4
3647	4	0x008e	16674	2	8
3648					2
3649	4	0x008e	290	64	8
3650					64
3651	4	0x008e	16418	64	8
3652					64
3653	4	0x008e	32546	64	8
3654					64
3655	4	0x008e	48674	64	8
3656					64
3657	4	0x008e	64802	4	8
3658					4
3659	4	0x008e	16674	2	8
3660					2
3661	4	0x008e	290	64	8
3662					64
3663	4	0x008e	16418	64	8
3664					64
3665	4	0x008e	32546	64	8
3666					64
3667	4	0x008e	48674	64	8
3668					64
3669	4	0x008e	64802	4	8
3670					4
3671	4	0x008e	16674	2	8
3672					2
3673	4	0x008e	290	64	8
3674					64
3675	4	0x008e	16418	64	8
3676					64
3677	4	0x008e	32546	64	8
3678					64
3679	4	0x008e	48674	64	8
3680					64
3681	4	0x008e	64802	4	8
3682					4
3683	4	0x008e	16674	2	8
3684					2
3685	4	0x008e	290	64	8
3686					64
3687	4	0x008e	16418	64	8
3688					64
3689	4	0x008e	32546	64	8
3690					64
3691	4	0x008e	48674	64	8
3692					64
3693	4	0x008e	64802	4	8
3694					4
3695	4	0x008e	16674	2	8
3696					2
3697	4	0x008e	290	64	8
3698					64
3699	4	0x008e	16418	64	8
3700					64
3701	4	0x008e	32546	64	8
3702					64
3703	4	0x008e	48674	64	8
3704					64
3705	4	0x008e	64802	4	8
3706					4
3707	4	0x008e	16674	2	8
3708					2
3709	4	0x008e	290	64	8
3710					64
3711	4	0x008e	16418	64	8
3712					64
3713	4	0x008e	32546	64	8
3714					64
3715	4	0x008e	48674	64	8
3716					64
3717	4	0x008e	64802	4	8
3718					4
3719	4	0x008e	16674	2	8
3720					2
3721	4	0x008e	290	64	8
3722					64
3723	4	0x008e	16418	64	8
3724					64
3725	4	0x008e	32546	64	8
3726					64
3727	4	0x008e	48674	64	8
3728					64
3729	4	0x008e	64802	4	8
3730					4
3731	4	0x008e	16674	2	8
3732					2
3733	4	0x008e	290	64	8
3734					64
3735	4	0x008e	16418	64	8
3736					64
3737	4	0x008e	32546	64	8
3738					64
3739	4	0x008e	48674	64	8
3740					64
3741	4	0x008e	64802	4	8
3742					4
3743	4	0x008e	16674	2	8
3744					2
3745	4	0x008e	290	64	8
3746					64
3747	4	0x008e	16418	64	8
3748					64
3749	4	0x008e	32546	64	8
3750					64
3751	4	0x008e	48674	64	8
3752					64
3753	4	0x008e	64802	4	8
3754					4
3755	4	0x008e	16674	2	8
3756					2
3757	4	0x008e	290	64	8
3758					64
3759	4	0x008e	16418	64	8
3760					64
3761	4	0x008e	32546	64	8
3762					64
3763	4	0x008e	48674	64	8
3764					64
3765	4	0x008e	64802	4	8
3766					4
3767	4	0x008e	16674	2	8
3768					2
3769	4	0x008e	290	64	8
3770					64
3771	4	0x008e	16418	64	8
3772					64
3773	4	0x008e	32546	64	8
3774					64
3775	4	0x008e	48674	64	8
3776					64
3777	4	0x008e	64802	4	8
3778					4
3779	4	0x008e	16674	2	8
3780					2
3781	4	0x008e	290	64	8
3782					64
3783	4	0x008e	16418	64	8
3784					64
3785	4	0x008e	32546	64	8
3786					64
3787	4	0x008e	48674	64	8
3788					64
3789	4	0x008e	64802	4	8
3790					4
3791	4	0x008e	16674	2	8
3792					2
3793	4	0x008e	290	64	8
3794					64
3795	4	0x008e	16418	64	8
3796					64
3797	4	0x008e	32546	64	8
3798					64
3799	4	0x008e	48674	64	8
3800					64
3801	4	0x008e	64802	4	8
3802					4
3803	4	0x008e	16674	2	8
3804					2
3805	4	0x008e	290	64	8
3806					64
3807	4	0x008e	16418	64	8
3808					64
3809	4	0x008e	32546	64	8
3810					64
3811	4	0x008e	48674	64	8
3812					64
3813	4	0x008e	64802	4	8
3814					4
3815	4	0x008e	16674	2	8
3816					2
3817	4	0x008e	290	64	8
3818					64
3819	4	0x008e	16418	64	8
3820					64
3821	4	0x008e	32546	64	8
3822					64
3823	4	0x008e	48674	64	8
3824					64
3825	4	0x008e	64802	4	8
3826					4
3827	4	0x008e	16674	2	8
3828					2
3829	4	0x008e	290	64	8
3830					64
3831	4	0x008e	16418	64	8
3832					64
3833	4	0x008e	32546	64	8
3834					64
3835	4	0x008e	48674	64	8
3836					64
3837	4	0x008e	64802	4	8
3838					4
3839	4	0x008e	16674	2	8
3840					2
3841	4	0x008e	290	64	8
3842					64
3843	4	0x008e	16418	64	8
3844					64
3845	4	0x008e	32546	64	8
3846					64
3847	4	0x008e	48674	64	8
3848					64
3849	4	0x008e	64802	4	8
3850					4
3851	4	0x008e	16674	2	8
3852					2
3853	4	0x008e	290	64	8
3854					64
3855	4	0x008e	16418	64	8
3856					64
3857	4	0x008e	32546	64	8
3858					64
3859	4	0x008e	48674	64	8
3860					64
3861	4	0x008e	64802	4	8
3862					4
3863	4	0x008e	16674	2	8
3864					2
3865	4	0x008e	290	64	8
3866					64
3867	4	0x008e	16418	64	8
3868					64
3869	4	0x008e	32546	64	8
3870					64
3871	4	0x008e	48674	64	8
3872					64
3873	4	0x008e	64802	4	8
3874					4
3875	4	0x008e	16674	2	8
3876					2
3877	4	0x008e	290	64	8
3878					64
3879	4	0x008e	16418	64	8
3880					64
3881	4	0x008e	32546	64	8
3882					64
3883	4	0x008e	48674	64	8
3884					64
3885	4	0x008e	64802	4	8
3886					4
3887	4	0x008e	16674	2	8
3888					2
3889	4	0x008e	290	64	8
3890					64
3891	4	0x008e	16418	64	8
3892					64
3893	4	0x008e	32546	64	8
3894					64
3895	4	0x008e	48674	64	8
3896					64
3897	4	0x008e	64802	4	8
3898					4
3899	4	0x008e	16674	2	8
3900					2
3901	4	0x008e	290	64	8
3902					64
3903	4	0x008e	16418	64	8
3904					64
3905	4	0x008e	32546	64	8
3906					64
3907	4	0x008e	48674	64	8
3908					64
3909	4	0x008e	64802	4	8
3910					4
3911	4	0x008e	16674	2	8
3912					2
3913	4	0x008e	290	64	8
3914					64
3915	4	0x008e	16418	64	8
3916					64
3917	4	0x008e	32546	64	8
3918					64
3919	4	0x008e	48674	64	8
3920					64
3921	4	0x008e	64802	4	8
3922					4
3923	4	0x008e	16674	2	8
3924					2
3925	4	0x008e	290	64	8
3926					64
3927	4	0x008e	16418	64	8
3928					64
3929	4	0x008e	32546	64	8
3930					64
3931	4	0x008e	48674	64	8
3932					64
3933	4	0x008e	64802	4	8
3934					4
3935	4	0x008e	16674	2	8
3936					2
3937	4	0x008e	290	64	8
3938					64
3939	4	0x008e	16418	64	8
3940					64
3941	4	0x008e	32546	64	8
3942					64
3943	4	0x008e	48674	64	8
3944					64
3945	4	0x008e	64802	4	8
3946					4
3947	4	0x008e	16674	2	8
3948					2
3949	4	0x008e	290	64	8
3950					64
3951	4	0x008e	16418	64	8
3952					64
3953	4	0x008e	32546	64	8
3954					64
3955	4	0x008e	48674	64	8
3956					64
3957	4	0x008e	64802	4	8
3958					4
3959	4	0x008e	16674	2	8
3960					2
3961	4	0x008e	290	64	8
3962					64
3963	4	0x008e	16418	64	8
3964					64
3965	4	0x008e	32546	64	8
3966					64
3967	4	0x008e	48674	64	8
3968					64
3969	4	0x008e	64802	4	8
3970					4
3971	4	0x008e	16674	2	8
3972					2
3973	4	0x008e	290	64	8
3974					64
3975	4	0x008e	16418	64	8
3976					64
3977	4	0x008e	32546	64	8
3978					64
3979	4	0x008e	48674	64	8
3980					64
3981	4	0x008e	64802	4	8
3982					4
3983	4	0x008e	16674	2	8
3984					2
3985	4	0x008e	290	64	8
3986					64
3987	4	0x008e	16418	64	8
3988					64
3989	4	0x008e	32546	64	8
3990					64
3991	4	0x008e	48674	64	8
3992					64
3993	4	0x008e	64802	4	8
3994					4
3995	4	0x008e	16674	2	8
3996					2
3997	4	0x008e	290	64	8
3998					64
3999	4	0x008e	16418	64	8
4000					64
4001	4	0x008e	32546	64	8
4002					64
4003	4	0x008e	48674	64	8
4004					64
4005	4	0x008e	64802	4	8
4006					4
4007	4	0x008e	16674	2	8
4008					2
4009	4	0x008e	290	64	8
4010					64
4011	4	0x008e	16418	64	8
4012					64
4013	4	0x008e	32546	64	8
4014					64
4015	4	0x008e	48674	64	8
4016					64
4017	4	0x008e	64802	4	8
4018					4
4019	4	0x008e	16674	2	8
4020					2
4021	4	0x008e	290	64	8
4022					64
4023	4	0x008e	16418	64	8
4024					64
4025	4	0x008e	32546	64	8
4026					64
4027	4	0x008e	48674	64	8
4028					64
4029	4	0x008e	64802	4	8
4030					4
4031	4	0x008e	16674	2	8
4032					2
4033	4	0x008e	290	64	8
4034					64
4035	4	0x008e	16418	64	8
4036					64
4037	4	0x008e	32546	64	8
4038					64
4039	4	0x008e	48674	64	8
4040					64
4041	4	0x008e	64802	4	8
4042					4
4043	4	0x008e	16674	2	8
4044					2
4045	4	0x008e	290	64	8
4046					64
4047	4	0x008e	16418	64	8
4048					64
4049	4	0x008e	32546	64	8
4050					64
4051	4	0x008e	48674	64	8
4052					64
4053	4	0x008e	64802	4	8
4054					4
4055	4	0x008e	16674	2	8
4056					2
4057	4	0x008e	290	64	8
4058					64
4059	4	0x008e	16418	64	8
4060					64
4061	4	0x008e	32546	64	8
4062					64
4063	4	0x008e	48674	64	8
4064					64
4065	4	0x008e	64802	4	8
4066					4
4067	4	0x008e	16674	2	8
4068					2
4069	4	0x008e	290	64	8
4070					64
4071	4	0x008e	16418	64	8
4072					64
4073	4	0x008e	32546	64	8
4074					64
4075	4	0x008e	48674	64	8
4076					64
4077	4	0x008e	64802	4	8
4078					4
4079	4	0x008e	16674	2	8
4080					2
4081	4	0x008e	290	64	8
4082					64
4083	4	0x008e	16418	64	8
4084					64
4085	4	0x008e	32546	64	8
4086					64
4087	4	0x008e	48674	64	8
4088					64
4089	4	0x008e	64802	4	8
4090					4
4091	4	0x008e	16674	2	8
4092					2
4093	4	0x008e	290	64	8
4094					64
4095	4	0x008e	16418	64	8
4096					64
4097	4	0x008e	32546	64	8
4098					64
4099	4	0x008e	48674	64	8
4100					64
4101	4	0x008e	64802	4	8
4102					4
4103	4	0x008e	16674	2	8
4104					2
4105	4	0x008e	290	64	8
4106					64
4107	4	0x008e	16418	64	8
4108					64
4109	4	0x008e	32546	64	8
4110					64
4111	4	0x008e	48674	64	8
4112					64
4113	4	0x008e	64802	4	8
4114					4
4115	4	0x008e	16674	2	8
4116					2
4117	4	0x008e	290	64	8
4118					64
4119	4	0x008e	16418	64	8
4120					64
4121	4	0x008e	32546	64	8
4122					64
4123	4	0x008e	48674	64	8
4124					64
4125	4	0x008e	64802	4	8
4126					4
4127	4	0x008e	16674	2	8
4128					2
4129	4	0x008e	290	64	8
4130					64
4131	4	0x008e	16418	64	8
4132					64
4133	4	0x008e	32546	64	8
4134					64
4135	4	0x008e	48674	64	8
4136					64
4137	4	0x008e	64802	4	8
4138					4
4139	4	0x008e	16674	2	8
4140					2
4141	4	0x008e	290	64	8
4142					64
4143	4	0x008e	16418	64	8
4144					64
4145	4	0x008e	32546	64	8
4146					64
4147	4	0x008e	48674	64	8
4148					64
4149	4	0x008e	64802	4	8
4150					4
4151	4	0x008e	16674	2	8
4152					2
4153	4	0x008e	290	64	8
4154					64
4155	4	0x008e	16418	64	8
4156					64
4157	4	0x008e	32546	64	8
4158					64
4159	4	0x008e	48674	64	8
4160					64
4161	4	0x008e	64802	4	8
4162					4
4163	4	0x008e	16674	2	8
4164					2
4165	4	0x008e	290	64	8
4166					64
4167	4	0x008e	16418	64	8
4168					64
4169	4	0x008e	32546	64	8
4170					64
4171	4	0x008e	48674	64	8
4172					64
4173	4	0x008e	64802	4	8
4174					4
4175	4	0x008e	16674	2	8
4176					2
4177	4	0x008e	290	64	8
4178					64
4179	4	0x008e	16418	64	8
4180					64
4181	4	0x008e	32546	64	8
4182					64
4183	4	0x008e	48674	64	8
4184					64
4185	4	0x008e	64802	4	8
4186					4
4187	4	0x008e	16674	2	8
4188					2
4189	4	0x008e	290	64	8
4190					64
4191	4	0x008e	16418	64	8
4192					64
4193	4	0x008e	32546	64	8
4194					64
4195	4	0x008e	48674	64	8
4196					64
4197	4	0x008e	64802	4	8
4198					4
4199	4	0x008e	16674	2	8
4200					2
4201	4	0x008e	290	64	8
4202					64
4203	4	0x008e	16418	64	8
4204					64
4205	4	0x008e	32546	64	8
4206					64
4207	4	0x008e	48674	64	8
4208					64
4209	4	0x008e	64802	4	8
4210					4
4211	4	0x008e	16674	2	8
4212					2
4213	4	0x008e	290	64	8
4214					64
4215	4	0x008e	16418	64	8
4216					64
4217	4	0x008e	32546	64	8
4218					64
4219	4	0x008e	48674	64	8
4220					64
4221	4	0x008e	64802	4	8
4222					4
4223	4	0x008e	16674	2	8
4224					2
4225	4	0x008e	290	64	8
4226					64
4227	4	0x008e	16418	64	8
4228					64
4229	4	0x008e	32546	64	8
4230					64
4231	4	0x008e	48674	64	8
4232					64
4233	4	0x008e	64802	4	8
4234					4
4235	4	0x008e	16674	2	8
4236					2
4237	4	0x008e	290	64	8
4238					64
4239	4	0x008e	16418	64	8
4240					64
4241	4	0x008e	32546	64	8
4242					64
4243	4	0x008e	48674	64	8
4244					64
4245	4	0x008e	64802	4	8
4246					4
4247	4	0x008e	16674	2	8
4248					2
4249	4	0x008e	290	64	8
4250					64
4251	4	0x008e	16418	64	8
4252					64
4253	4	0x008e	32546	64	8
4254					64
4255	4	0x008e	48674	64	8
4256					64
4257	4	0x008e	64802	4	8
4258					4
4259	4	0x008e	16674	2	8
4260					2
4261	4	0x008e	290	64	8
4262					64
4263	4	0x008e	16418	64	8
4264					64
4265	4	0x008e	32546	64	8
4266					64
4267	4	0x008e	48674	64	8
4268					64
4269	4	0x008e	64802	4	8
4270					4
4271	4	0x008e	16674	2	8
4272					2
4273	4	0x008e	290	64	8
4274					64
4275	4	0x008e	16418	64	8
4276					64
4277	4	0x008e	32546	64	8
4278					64
4279	4	0x008e	48674	64	8
4280					64
4281	4	0x008e	64802	4	8
4282					4
4283	4	0x008e	16674	2	8
4284					2
4285	4	0x0083	0	2	10
4286					0
4287	4	0x0083	0	2	10
4288					0
4289	4	0x0083	0	6	14
4290					0
4291	4	0x0083	0	2	10
4292					0
4293	4	0x008e	16674	2	8
4294					2
4295	4	0x008e	18466	4	8
4296					4
4297	4	0x0083	0	2	10
4298					0
4299	4	0x0083	0	2	10
4300					0
4301	4	0x008e	290	64	8
4302					64
4303	4	0x008e	16418	64	8
4304					64
4305	4	0x008e	32546	64	8
4306					64
4307	4	0x008e	48674	64	8
4308					64
4309	4	0x008e	64802	4	8
4310					4
4311	4	0x008e	16674	2	8
4312					2
4313	4	0x008e	19234	4	8
4314					4
4315	4	0x008e	290	64	8
4316					64
4317	4	0x008e	16418	64	8
4318					64
4319	4	0x008e	32546	64	8
4320					64
4321	4	0x008e	48674	64	8
4322					64
4323	4	0x008e	64802	4	8
4324					4
4325	4	0x008e	16674	2	8
4326					2
4327	4	0x0083	0	2	10
4328					0
4329	4	0x0083	0	2	10
4330					0
4331	4	0x0083	0	2	10
4332					0
4333	4	0x0083	0	2	10
4334					0
4335	4	0x0083	0	2	10
4336					0
4337	4	0x0083	0	2	10
4338					0
4339	4	0x0083	0	2	10
4340					0
4341	4	0x008e	290	64	8
4342					64
4343	4	0x008e	16418	64	8
4344					64
4345	4	0x008e	32546	64	8
4346					64
4347	4	0x008e	48674	64	8
4348					64
4349	4	0x008e	64802	4	8
4350					4
4351	4	0x0083	0	2	10
4352					0
4353	12	0x008c	16	1	9
4354					0
4355	12	0x008c	19	1	9
4356					0
4357	4	0x0083	0	64	72
4358					0
4359	4	0x0083	0	64	72
4360					0
4361	4	0x0083	0	64	72
4362					0
4363	4	0x0083	0	8	16
4364					0
4365	4	0x0083	0	54	62
4366					0
4367	4	0x0084	57862	4	8
4368					4
4369	4	0x008e	290	64	8
4370					64
4371	4	0x008e	16418	64	8
4372					64
4373	4	0x008e	32546	64	8
4374					64
4375	4	0x008e	48674	64	8
4376					64
4377	4	0x008e	64802	4	8
4378					4
4379	4	0x008e	16674	2	8
4380					2
4381	4	0x008e	2594	2	8
4382					2
4383	4	0x0083	0	2	10
4384					0
4385	4	0x008e	16418	2	8
4386					2
4387	4	0x0083	0	2	10
4388					0
4389	4	0x0083	0	2	10
4390					0
4391	4	0x0083	0	2	10
4392					0
4393	4	0x0083	0	2	10
4394					0
4395	4	0x0083	0	2	10
4396					0
